22,0.00656608,0.9741,-0.226022,-0.520143,-0.257115,-0.274869,1.113,0.0865312,-0.289286,1.052,-1,0,0.156847,-0.197499,1.28292,0,0,0,0.939737,0.0463245,0.0953874,0,0.857073,0.948977,0.469869,0.451699,0.522182,0.0871649,1,1,1,0.000245236,2.15659e-05,1.87867e-05
52,0.00656608,0.9741,-0.226022,-0.520143,-0.257115,-0.274869,1.113,0.0865312,-0.289286,1.052,-1,0,0.156111,-0.196776,1.28018,0,0,0,0.499846,0.21095,0.397635,3.2587e-09,0.805986,0.926047,0.249923,0.508468,0.661841,0.174138,1,1,1,0.000233742,3.44755e-05,1.63595e-05
55,0.00656608,0.9741,-0.226022,-0.520143,-0.257115,-0.274869,1.113,0.0865312,-0.289286,1.052,-1,0,0.156216,-0.196468,1.27978,0,0,0,0.134661,0.511641,0.848653,2.92195e-09,0.712545,0.867905,0.0673304,0.612093,0.858279,0.261082,1,1,1,0.000236314,3.06453e-05,1.52672e-05
58,0.00656608,0.9741,-0.226022,-0.520143,-0.257115,-0.274869,1.113,0.0865312,-0.289286,1.052,-1,0,0.156549,-0.197022,1.2801,0,0,0,0.0183585,0.714098,0.999498,2.1501e-05,0.54574,0.597317,0.00919,0.629919,0.798408,0.26089,1,1,1,0.000238678,3.25365e-05,1.64501e-05
60,0.00656608,0.9741,-0.226022,-0.520143,-0.257115,-0.274869,1.113,0.0865312,-0.289286,1.052,-1,0,0.156309,-0.196545,1.28002,0,0,0,0.0012675,0.631957,0.945081,2.2124e-05,0.352653,0.17443,0.00064481,0.492305,0.559755,0.260879,1,1,1,0.000235637,3.11333e-05,1.97585e-05
62,0.00656608,0.9741,-0.226022,-0.520143,-0.257115,-0.274869,1.113,0.0865312,-0.289286,1.052,-1,0,0.156219,-0.196416,1.28008,0,0,0,0.00127638,0.632507,0.945544,4.5909e-05,0.353032,0.174885,0.000661146,0.492769,0.560214,0.174142,1.00471,1,1,0.000239239,2.68175e-05,1.81017e-05
64,0.00656608,0.9741,-0.226022,-0.520143,-0.257115,-0.274869,1.113,0.0865312,-0.289286,1.052,-1,0,0.156003,-0.196806,1.28066,0,0,0,0.00127503,0.63248,0.945467,0.000209107,0.353025,0.174718,0.000742071,0.492752,0.560093,0.0872011,1.33446,1.00202,1,0.000228491,4.40147e-05,1.57919e-05
66,0.00656608,0.9741,-0.226022,-0.520143,-0.257115,-0.274869,1.113,0.0865312,-0.289286,1.052,-1,0,0.156074,-0.196578,1.2796,0,0,0,0.00127557,0.632563,0.945516,0.912347,0.686526,0.774663,0.00127557,0.632563,0.945516,0.000256554,1.82282,1.0001,1.00143,0.000235423,3.8161e-05,1.90467e-05
68,0.00656608,0.9741,-0.226022,-0.520143,-0.257115,-0.274869,1.113,0.0865312,-0.289286,1.052,-1,0,0.156297,-0.19649,1.27962,0,0,0,0.00127729,0.632684,0.945577,0.652639,0.743599,0.579658,0.00127729,0.632684,0.945577,0.00010046,1.15546,1.00493,1.00037,0.000239631,3.49167e-05,2.08132e-05
71,0.00656608,0.9741,-0.226022,-0.520143,-0.257115,-0.274869,1.113,0.0865312,-0.289286,1.052,-1,0,0.155846,-0.196657,1.27961,0,0,0,0.00127859,0.632911,0.945683,0.826278,0.794386,0.777739,0.00127859,0.632911,0.945683,0.000109806,1.14121,1.38951,1.00201,0.000228219,2.77937e-05,1.81625e-05
73,0.00656608,0.9741,-0.226022,-0.520143,-0.257115,-0.274869,1.113,0.0865312,-0.289286,1.052,-1,0,0.156076,-0.196712,1.27981,0,0,0,0.00127928,0.633018,0.94576,0.835554,0.807216,0.819836,0.00127928,0.633018,0.94576,0.000120885,1.05639,1.12181,1.01718,0.000242557,3.23996e-05,1.93345e-05
75,0.00656608,0.9741,-0.226022,-0.520143,-0.257115,-0.274869,1.113,0.0865312,-0.289286,1.052,-1,0,0.156342,-0.196428,1.28025,0,0,0,0.00128049,0.632931,0.945786,0.931183,0.697519,0.889562,0.00128049,0.632931,0.945786,0.000113337,1.52589,1.11654,1.16324,0.000232676,4.63012e-05,1.94769e-05
77,0.00656608,0.9741,-0.226022,-0.520143,-0.257115,-0.274869,1.113,0.0865312,-0.289286,1.052,-1,0,0.156131,-0.196734,1.28008,0,0,0,0.001279,0.632853,0.945708,0.643432,0.346112,0.624941,0.001279,0.632853,0.945708,0.000105521,2.51311,2.21276,1.22219,0.000234534,4.26134e-05,1.80788e-05
80,0.00656608,0.9741,-0.226022,-0.520143,-0.257115,-0.274869,1.113,0.0865312,-0.289286,1.052,-1,0,0.156093,-0.196585,1.28042,0,0,0,0.00127672,0.632818,0.945584,0.097357,0.305217,0.077555,0.00127672,0.632818,0.945584,0.000132645,1.02,3.16266,3.08183,0.000228958,3.82051e-05,1.86181e-05
82,0.00656608,0.9741,-0.226022,-0.520143,-0.257115,-0.274869,1.113,0.0865312,-0.289286,1.052,-1,0,0.15665,-0.196967,1.28023,0,0,0,0.00127452,0.63247,0.945452,0.0762122,0.30412,0.204788,0.00127452,0.63247,0.945452,0.00016006,1.18865,1.13562,2.94889,0.000234464,3.9223e-05,1.67996e-05
84,0.00656608,0.9741,-0.226022,-0.520143,-0.257115,-0.274869,1.113,0.0865312,-0.289286,1.052,-1,0,0.156014,-0.197018,1.28079,0,0,0,0.00127158,0.632374,0.945303,0.0518216,0.336809,0.208818,0.00127158,0.632374,0.945303,0.000194358,1.11966,1.03769,1.16354,0.000229064,4.86803e-05,1.66761e-05
86,0.00656608,0.9741,-0.226022,-0.520143,-0.257115,-0.274869,1.113,0.0865312,-0.289286,1.052,-1,0,0.156357,-0.196636,1.27965,0,0,0,0.00127322,0.632468,0.945425,0.207534,0.290343,0.322042,0.00127322,0.632468,0.945425,0.000181508,2.60603,1.06761,1.0873,0.000240445,3.75819e-05,1.95631e-05
88,0.00656608,0.9741,-0.226022,-0.520143,-0.257115,-0.274869,1.113,0.0865312,-0.289286,1.052,-1,0,0.156267,-0.196491,1.28096,0,0,0,0.00127074,0.63228,0.945243,0.0252752,0.373868,0.198273,0.00127074,0.63228,0.945243,0.000172512,4.88963,1.01262,1.00823,0.000220119,6.10884e-05,1.71348e-05
90,0.00656608,0.9741,-0.226022,-0.520143,-0.257115,-0.274869,1.113,0.0865312,-0.289286,1.052,-1,0,0.156727,-0.196294,1.28037,0,0,0,0.00127079,0.632046,0.945196,0.400625,0.0723391,0.291241,0.00127079,0.632046,0.945196,0.00015077,1.29715,1.34485,1.15908,0.000224198,4.72476e-05,1.86207e-05
92,0.00656608,0.9741,-0.226022,-0.520143,-0.257115,-0.274869,1.113,0.0865312,-0.289286,1.052,-1,0,0.156456,-0.196376,1.28054,0,0,0,0.00127024,0.632032,0.945109,0.296273,0.265971,0.121503,0.00127024,0.632032,0.945109,0.00015446,1.36765,1.10166,1.26317,0.000228,4.87446e-05,1.74824e-05
94,0.00656608,0.9741,-0.226022,-0.520143,-0.257115,-0.274869,1.113,0.0865312,-0.289286,1.052,-1,0,0.156149,-0.196593,1.28064,0,0,0,0.00127083,0.631978,0.945098,0.506424,0.31418,0.332244,0.00127083,0.631978,0.945098,0.000124239,1.13212,1.15895,1.48504,0.00022517,3.98629e-05,1.6289e-05
96,0.00656608,0.9741,-0.226022,-0.520143,-0.257115,-0.274869,1.113,0.0865312,-0.289286,1.052,-1,0,0.155217,-0.195459,1.27346,0,0,0,0.00128971,0.633172,0.946178,0.935071,0.648095,0.770152,0.00128971,0.633172,0.946178,0.000504721,1.03855,1.15703,1.16841,0.000214639,3.29567e-05,1.19706e-05
99,0.00656608,0.9741,-0.226022,-0.520143,-0.257115,-0.274869,1.113,0.0865312,-0.289286,1.052,-1,0,0.155429,-0.195432,1.27284,0,0,0,0.00131441,0.634532,0.947576,0.990519,0.644291,0.814792,0.00131441,0.634532,0.947576,0.00100728,1.00114,1.06661,1.18747,0.000226706,3.4753e-05,1.30854e-05
100,0.00656608,0.9741,-0.226022,-0.520143,-0.257115,-0.274869,1.113,0.0865312,-0.289286,1.052,-1,0,0.155433,-0.195384,1.27262,0,0,0,0.00133853,0.636001,0.948925,0.991155,0.653114,0.827964,0.00133853,0.636001,0.948925,0.00150322,1.00051,1.00159,1.06138,0.000220258,3.03305e-05,1.86226e-05
102,0.00656608,0.9741,-0.226022,-0.520143,-0.257115,-0.274869,1.113,0.0865312,-0.289286,1.052,-1,0,0.155485,-0.195241,1.27311,0,0,0,0.00136205,0.637289,0.950168,0.992796,0.648417,0.828289,0.00136205,0.637289,0.950168,0.00158115,1.00031,1.00007,1.00409,0.000213313,3.99847e-05,1.73767e-05
105,0.00656608,0.9741,-0.226022,-0.520143,-0.257115,-0.274869,1.113,0.0865312,-0.289286,1.052,-1,0,0.154628,-0.195375,1.272,0,0,0,0.00138997,0.638921,0.95162,0.987379,0.654729,0.828398,0.00138997,0.638921,0.95162,0.00162262,1.00026,1.00011,1.00036,0.00023841,2.43741e-05,1.27214e-05
107,0.00656608,0.9741,-0.226022,-0.520143,-0.257115,-0.274869,1.113,0.0865312,-0.289286,1.052,-1,0,0.155946,-0.195244,1.27316,0,0,0,0.00139072,0.638691,0.951616,0.995426,0.637651,0.817411,0.00139072,0.638691,0.951616,0.00114955,1.06491,1.00048,1.00022,0.000219924,3.98164e-05,1.74845e-05
109,0.00656608,0.9741,-0.226022,-0.520143,-0.257115,-0.274869,1.113,0.0865312,-0.289286,1.052,-1,0,0.155166,-0.195459,1.27254,0,0,0,0.00139176,0.638826,0.951683,0.997583,0.639969,0.819489,0.00139176,0.638826,0.951683,0.000671493,1.55802,1.01356,1.00007,0.000231327,3.07357e-05,1.4689e-05
112,0.00656608,0.9741,-0.226022,-0.520143,-0.257115,-0.274869,1.113,0.0865312,-0.289286,1.052,-1,0,0.155464,-0.195358,1.27237,0,0,0,0.00139253,0.638847,0.95172,0.794534,0.43794,0.676979,0.00139253,0.638847,0.95172,9.77721e-05,1.09171,1.0035,1.00865,0.000223579,3.42025e-05,1.63151e-05
116,0.00656608,0.9741,-0.226022,-0.520143,-0.257115,-0.274869,1.113,0.0865312,-0.289286,1.052,-1,0,0.155259,-0.195328,1.27192,0,0,0,0.0013963,0.639093,0.951937,0.922775,0.699047,0.891912,0.0013963,0.639093,0.951937,0.000124161,1.00916,1.08541,1.00283,0.000226458,2.36974e-05,1.48759e-05
118,0.00656608,0.9741,-0.226022,-0.520143,-0.257115,-0.274869,1.113,0.0865312,-0.289286,1.052,-1,0,0.155775,-0.1953,1.27224,0,0,0,0.00139513,0.638653,0.951831,0.743312,0.403518,0.671821,0.00139513,0.638653,0.951831,0.000175512,1.80722,1.16408,1.03838,0.000224764,3.65791e-05,1.56866e-05
120,0.00656608,0.9741,-0.226022,-0.520143,-0.257115,-0.274869,1.113,0.0865312,-0.289286,1.052,-1,0,0.155722,-0.1955,1.27329,0,0,0,0.0013947,0.638732,0.95184,0.710365,0.412495,0.693565,0.0013947,0.638732,0.95184,0.000183219,1.52328,1.87047,1.03061,0.000228973,4.51113e-05,1.55142e-05
122,0.00656608,0.9741,-0.226022,-0.520143,-0.257115,-0.274869,1.113,0.0865312,-0.289286,1.052,-1,0,0.155357,-0.195362,1.27317,0,0,0,0.0013927,0.638572,0.951718,0.22967,0.136453,0.218755,0.0013927,0.638572,0.951718,0.000146917,1.33093,2.26459,3.28209,0.000228858,4.51195e-05,1.64466e-05
124,0.00656608,0.9741,-0.226022,-0.520143,-0.257115,-0.274869,1.113,0.0865312,-0.289286,1.052,-1,0,0.155791,-0.195626,1.27218,0,0,0,0.00139305,0.638502,0.951752,0.175801,0.327558,0.316111,0.00139305,0.638502,0.951752,9.96248e-05,1.6187,1.0126,1.5712,0.000231938,2.82648e-05,1.56826e-05
127,0.00656608,0.9741,-0.226022,-0.520143,-0.257115,-0.274869,1.113,0.0865312,-0.289286,1.052,-1,0,0.155776,-0.195391,1.27159,0,0,0,0.00139387,0.63837,0.951786,0.421406,0.152878,0.412305,0.00139387,0.63837,0.951786,0.000116693,1.03301,1.86887,1.12095,0.000227052,2.40698e-05,1.90235e-05
130,0.00656608,0.9741,-0.226022,-0.520143,-0.257115,-0.274869,1.113,0.0865312,-0.289286,1.052,-1,0,0.155567,-0.196184,1.27114,0,0,0,0.00139698,0.638652,0.952043,0.71637,0.53099,0.799401,0.00139698,0.638652,0.952043,0.000167459,1.17151,1.42825,1.59751,0.000255257,1.69805e-05,1.21998e-05
133,0.00656608,0.9741,-0.226022,-0.520143,-0.257115,-0.274869,1.113,0.0865312,-0.289286,1.052,-1,0,0.155246,-0.195792,1.2718,0,0,0,0.0014017,0.63904,0.952337,0.82307,0.645827,0.927253,0.0014017,0.63904,0.952337,0.000242246,1.03135,1.14688,1.36331,0.000235338,2.58632e-05,1.75858e-05
137,0.00656608,0.9741,-0.226022,-0.520143,-0.257115,-0.274869,1.113,0.0865312,-0.289286,1.052,-1,0,0.155554,-0.196094,1.27111,0,0,0,0.00140778,0.639299,0.95272,0.828252,0.659501,0.940999,0.00140778,0.639299,0.95272,0.000347325,1.02187,1.01709,1.20997,0.000228915,1.67103e-05,9.31722e-06
140,0.00656608,0.9741,-0.226022,-0.520143,-0.257115,-0.274869,1.113,0.0865312,-0.289286,1.052,-1,0,0.155234,-0.195639,1.27209,0,0,0,0.00140826,0.639507,0.952764,0.861339,0.695965,0.956697,0.00140826,0.639507,0.952764,0.000289743,1.20017,1.00178,1.04753,0.000235773,2.85351e-05,1.76384e-05
144,0.00656608,0.9741,-0.226022,-0.520143,-0.257115,-0.274869,1.113,0.0865312,-0.289286,1.052,-1,0,0.155418,-0.195679,1.2719,0,0,0,0.00140726,0.63961,0.952751,0.783384,0.733828,0.962839,0.00140726,0.63961,0.952751,0.000221008,1.13101,1.24573,1.01085,0.000228161,2.61234e-05,1.78354e-05
147,0.00656608,0.9741,-0.226022,-0.520143,-0.257115,-0.274869,1.113,0.0865312,-0.289286,1.052,-1,0,0.155553,-0.195625,1.27254,0,0,0,0.00140313,0.639388,0.952481,0.223245,0.539418,0.263899,0.00140313,0.639388,0.952481,0.000174879,1.16396,4.17266,1.8624,0.0002279,4.84025e-05,1.79614e-05
150,0.00656608,0.9741,-0.226022,-0.520143,-0.257115,-0.274869,1.113,0.0865312,-0.289286,1.052,-1,0,0.155351,-0.195496,1.27314,0,0,0,0.00139902,0.63915,0.952232,0.125467,0.402764,0.13516,0.00139902,0.63915,0.952232,0.000228962,1.00428,1.23431,5.23659,0.000230091,5.33927e-05,1.70248e-05
153,0.00656608,0.9741,-0.226022,-0.520143,-0.257115,-0.274869,1.113,0.0865312,-0.289286,1.052,-1,0,0.155565,-0.195276,1.27251,0,0,0,0.001395,0.638901,0.951939,0.173214,0.363323,0.081949,0.001395,0.638901,0.951939,0.000300123,1.01268,1.01355,2.70592,0.000230502,3.31405e-05,1.58304e-05
155,0.00656608,0.9741,-0.226022,-0.520143,-0.257115,-0.274869,1.113,0.0865312,-0.289286,1.052,-1,0,0.155583,-0.195575,1.2725,0,0,0,0.00139364,0.638719,0.951849,0.161431,0.327071,0.0472036,0.00139364,0.638719,0.951849,0.000235656,1.05871,1.00534,1.05546,0.000231002,2.84224e-05,1.53604e-05
158,0.00656608,0.9741,-0.226022,-0.520143,-0.257115,-0.274869,1.113,0.0865312,-0.289286,1.052,-1,0,0.1557,-0.195321,1.27243,0,0,0,0.00139205,0.638524,0.951721,0.204151,0.294268,0.0298287,0.00139205,0.638524,0.951721,0.000190415,1.02782,1.02788,1.02497,0.000223425,3.95112e-05,1.68578e-05
160,0.00656608,0.9741,-0.226022,-0.520143,-0.257115,-0.274869,1.113,0.0865312,-0.289286,1.052,-1,0,0.155881,-0.195505,1.27296,0,0,0,0.00139064,0.638343,0.951623,0.214681,0.185924,0.0958086,0.00139064,0.638343,0.951623,0.000119037,1.01566,1.01376,1.03212,0.000222396,4.67655e-05,1.47287e-05
163,0.00656608,0.9741,-0.226022,-0.520143,-0.257115,-0.274869,1.113,0.0865312,-0.289286,1.052,-1,0,0.155583,-0.195491,1.27219,0,0,0,0.00139354,0.638391,0.95177,0.490317,0.154265,0.358991,0.00139354,0.638391,0.95177,0.00014882,1.97447,1.44239,1.15047,0.000227498,2.89805e-05,1.74181e-05
165,0.00656608,0.9741,-0.226022,-0.520143,-0.257115,-0.274869,1.113,0.0865312,-0.289286,1.052,-1,0,0.155477,-0.195596,1.27212,0,0,0,0.00139465,0.638496,0.951863,0.782279,0.477674,0.754869,0.00139465,0.638496,0.951863,0.000136538,1.0761,3.03432,1.80922,0.000230828,3.02948e-05,1.72373e-05
167,0.00656608,0.9741,-0.226022,-0.520143,-0.257115,-0.274869,1.113,0.0865312,-0.289286,1.052,-1,0,0.155008,-0.195606,1.27192,0,0,0,0.00139666,0.638778,0.951991,0.891679,0.692832,0.928095,0.00139666,0.638778,0.951991,0.000153894,1.08471,1.32332,4.70643,0.000219131,2.88712e-05,1.75901e-05
169,0.00656608,0.9741,-0.226022,-0.520143,-0.257115,-0.274869,1.113,0.0865312,-0.289286,1.052,-1,0,0.155244,-0.195563,1.27229,0,0,0,0.00139716,0.638974,0.952056,0.734636,0.861338,0.855295,0.00139716,0.638974,0.952056,0.000124021,1.05007,1.15263,2.31674,0.00022621,4.33301e-05,1.71082e-05
171,0.00656608,0.9741,-0.226022,-0.520143,-0.257115,-0.274869,1.113,0.0865312,-0.289286,1.052,-1,0,0.155376,-0.195598,1.27219,0,0,0,0.00139974,0.639262,0.952218,0.761773,0.873999,0.833196,0.00139974,0.639262,0.952218,0.000151813,1.06973,1.00526,1.19686,0.00025162,2.812e-05,1.74197e-05
173,0.00656608,0.9741,-0.226022,-0.520143,-0.257115,-0.274869,1.113,0.0865312,-0.289286,1.052,-1,0,0.155233,-0.195592,1.2721,0,0,0,0.0014001,0.639404,0.952258,0.716797,0.90802,0.810202,0.0014001,0.639404,0.952258,0.000122555,1.06064,1.0044,1.06131,0.000227596,2.19859e-05,1.4899e-05
175,0.00656608,0.9741,-0.226022,-0.520143,-0.257115,-0.274869,1.113,0.0865312,-0.289286,1.052,-1,0,0.155698,-0.195458,1.27179,0,0,0,0.00140113,0.639362,0.952292,0.868436,0.770057,0.876198,0.00140113,0.639362,0.952292,0.000115113,1.80757,1.03456,1.0238,0.000223066,3.14405e-05,1.85916e-05
178,0.00656608,0.9741,-0.226022,-0.520143,-0.257115,-0.274869,1.113,0.0865312,-0.289286,1.052,-1,0,0.155862,-0.195504,1.27241,0,0,0,0.00139932,0.63899,0.952159,0.443232,0.0865395,0.361623,0.00139932,0.63899,0.952159,0.000119047,1.26913,3.1544,1.7609,0.000228173,3.35995e-05,1.76899e-05
180,0.00656608,0.9741,-0.226022,-0.520143,-0.257115,-0.274869,1.113,0.0865312,-0.289286,1.052,-1,0,0.155599,-0.195202,1.27284,0,0,0,0.00139763,0.638766,0.952023,0.350184,0.0642239,0.239111,0.00139763,0.638766,0.952023,0.00014393,1.04646,1.56682,9.4677,0.000224143,3.52261e-05,1.74012e-05
183,0.00656608,0.9741,-0.226022,-0.520143,-0.257115,-0.274869,1.113,0.0865312,-0.289286,1.052,-1,0,0.15586,-0.195598,1.27251,0,0,0,0.00139642,0.638552,0.951944,0.269929,0.0969664,0.187489,0.00139642,0.638552,0.951944,0.000154509,1.05201,1.05422,3.1197,0.000231367,3.27333e-05,1.59215e-05
185,0.00656608,0.9741,-0.226022,-0.520143,-0.257115,-0.274869,1.113,0.0865312,-0.289286,1.052,-1,0,0.155172,-0.195641,1.27387,0,0,0,0.00139085,0.638336,0.951654,0.0986809,0.289064,0.0870976,0.00139085,0.638336,0.951654,0.000207118,1.10166,1.0677,1.12217,0.000223432,6.4574e-05,1.62033e-05
187,0.00656608,0.9741,-0.226022,-0.520143,-0.257115,-0.274869,1.113,0.0865312,-0.289286,1.052,-1,0,0.155427,-0.195449,1.27214,0,0,0,0.00138985,0.638382,0.951608,0.0470126,0.366127,0.148182,0.00138985,0.638382,0.951608,0.000187044,1.03111,1.11645,1.1638,0.000219166,2.30614e-05,1.53398e-05
190,0.00656608,0.9741,-0.226022,-0.520143,-0.257115,-0.274869,1.113,0.0865312,-0.289286,1.052,-1,0,0.155525,-0.195486,1.27225,0.471928,0.460138,1.39,0.178181,0.638521,0.951651,0.5011,0.487413,0.232583,0.178181,0.638521,0.951651,0.000173172,1.28438,1.20803,1.22454,0.000228354,2.72941e-05,1.56203e-05
192,0.00656608,0.9741,-0.226022,-0.520143,-0.257115,-0.274869,1.113,0.0865312,-0.289286,1.052,-1,0,0.15544,-0.195423,1.27193,0.471928,0.460138,1.39,0.178096,0.638716,0.951828,0.304583,0.879861,0.83023,0.178096,0.638716,0.951828,0.00011816,1.10565,2.45862,1.98722,0.00022551,3.27377e-05,1.72523e-05
194,0.00656608,0.9741,-0.226022,-0.520143,-0.257115,-0.274869,1.113,0.0865312,-0.289286,1.052,-1,0,0.15548,-0.195541,1.27147,0.471928,0.460138,1.39,0.178037,0.638986,0.952017,0.380191,0.741935,0.893733,0.178037,0.638986,0.952017,0.000162298,1.01414,1.27007,5.78241,0.000231377,2.64549e-05,1.63453e-05
197,0.00656608,0.9741,-0.226022,-0.520143,-0.257115,-0.274869,1.113,0.0865312,-0.289286,1.052,-1,0,0.15533,-0.195554,1.27207,0.471928,0.460138,1.39,0.178007,0.63917,0.952304,0.429233,0.647919,0.867637,0.178007,0.63917,0.952304,0.000258321,1.0229,1.01828,2.82381,0.000229392,2.61671e-05,1.84265e-05
200,0.00656608,0.9741,-0.226022,-0.520143,-0.257115,-0.274869,1.113,0.0865312,-0.289286,1.052,-1,0,0.155729,-0.195607,1.27241,0.471928,0.460138,1.39,0.178014,0.639037,0.952254,0.451609,0.605746,0.840419,0.178014,0.639037,0.952254,0.000223865,1.4028,1.04003,1.08134,0.000235925,4.0229e-05,1.73957e-05
202,0.00656608,0.9741,-0.226022,-0.520143,-0.257115,-0.274869,1.113,0.0865312,-0.289286,1.052,-1,0,0.155492,-0.195613,1.27212,0.353605,0.450622,1.347,0.245482,0.639075,0.952286,0.454249,0.542726,0.808974,0.245482,0.639075,0.952286,0.00016217,1.48237,1.21011,1.05296,0.000220117,3.10373e-05,1.66697e-05
204,0.00656608,0.9741,-0.226022,-0.520143,-0.257115,-0.274869,1.113,0.0865312,-0.289286,1.052,-1,0,0.155983,-0.195265,1.273,0.353605,0.450622,1.347,0.245593,0.638729,0.952068,0.554248,0.212207,0.174639,0.245593,0.638729,0.952068,0.00012208,1.29968,2.35951,2.02822,0.000227849,5.48173e-05,1.74411e-05
207,0.00656608,0.9741,-0.226022,-0.520143,-0.257115,-0.274869,1.113,0.0865312,-0.289286,1.052,-1,0,0.156208,-0.194958,1.27463,0.353605,0.450622,1.347,0.245883,0.638005,0.95146,0.604156,0.285404,0.0774434,0.245883,0.638005,0.95146,0.000312504,1.00582,1.05098,3.28031,0.00020027,9.52592e-05,1.66073e-05
209,0.00656608,0.9741,-0.226022,-0.520143,-0.257115,-0.274869,1.113,0.0865312,-0.289286,1.052,-1,0,0.156001,-0.195319,1.27281,0.353605,0.450622,1.347,0.246013,0.637653,0.951284,0.622359,0.259299,0.0683026,0.246013,0.637653,0.951284,0.000368633,1.02312,1.00401,1.72661,0.000214764,5.06083e-05,1.89803e-05
212,0.00656608,0.9741,-0.226022,-0.520143,-0.257115,-0.274869,1.113,0.0865312,-0.289286,1.052,-1,0,0.15611,-0.194714,1.27267,0.353605,0.450622,1.347,0.24627,0.637423,0.951155,0.680457,0.250367,0.0307039,0.24627,0.637423,0.951155,0.000354847,1.10468,1.04921,1.02112,0.000209685,4.04152e-05,1.86011e-05
215,0.00656608,0.9741,-0.226022,-0.520143,-0.257115,-0.274869,1.113,0.0865312,-0.289286,1.052,-1,0,0.156454,-0.195363,1.27211,0.226034,0.471687,1.374,0.248073,0.637069,0.951088,0.724993,0.121418,0.233649,0.248073,0.637069,0.951088,0.000201732,1.12201,1.12262,1.09424,0.000218455,4.23231e-05,1.80973e-05
217,0.00656608,0.9741,-0.226022,-0.520143,-0.257115,-0.274869,1.113,0.0865312,-0.289286,1.052,-1,1,0.156037,-0.194824,1.27273,0.226034,0.471687,1.374,0.248178,0.637058,0.9511,0.797308,0.236582,0.348845,0.248178,0.637058,0.9511,0.000168227,1.20241,1.08923,1.16051,0.000215012,4.32567e-05,1.77074e-05
219,0.00656608,0.9741,-0.226022,-0.520143,-0.257115,-0.274869,1.113,0.0865312,-0.289286,1.052,-1,1,0.156153,-0.195257,1.27181,0.226034,0.471687,1.374,0.247989,0.63748,0.951598,0.501975,0.514335,0.751431,0.247989,0.63748,0.951598,0.00029034,1.0838,1.4373,2.2448,0.00022505,2.28421e-05,1.24987e-05
222,0.00656608,0.9741,-0.226022,-0.520143,-0.257115,-0.274869,1.113,0.0865312,-0.289286,1.052,-1,1,0.156981,-0.195307,1.27181,0.226034,0.471687,1.374,0.247979,0.637271,0.951712,0.472573,0.539564,0.78435,0.247979,0.637271,0.951712,0.00031741,1.07502,1.14135,1.49662,0.00022736,3.73704e-05,1.81665e-05
224,0.00656608,0.9741,-0.226022,-0.520143,-0.257115,-0.274869,1.113,0.0865312,-0.289286,1.052,-1,1,0.155788,-0.195046,1.27066,0.226034,0.471687,1.374,0.247805,0.637679,0.95209,0.422317,0.588339,0.845188,0.247805,0.637679,0.95209,0.000420455,1.11774,1.0086,1.27882,0.000226848,3.20289e-05,2.12338e-05
227,0.00656608,0.9741,-0.226022,-0.520143,-0.257115,-0.274869,1.113,0.0865312,-0.289286,1.052,-1,1,0.156216,-0.195687,1.2696,0.207665,0.491465,1.396,0.22059,0.638124,0.952543,0.408266,0.597023,0.853827,0.22059,0.638124,0.952543,0.000401118,1.00064,1.01681,1.01246,0.000234258,2.38955e-05,1.43004e-05
230,0.00656608,0.9741,-0.226022,-0.520143,-0.257115,-0.274869,1.113,0.0865312,-0.289286,1.052,-1,1,0.153293,-0.196152,1.27059,0.207665,0.491465,1.396,0.220132,0.639467,0.953135,0.355277,0.767219,0.93835,0.220132,0.639467,0.953135,0.000556057,1.08688,1.07493,1.06738,0.000253304,3.7405e-05,1.77339e-05
232,0.00656608,0.9741,-0.226022,-0.520143,-0.257115,-0.274869,1.113,0.0865312,-0.289286,1.052,-1,1,0.153513,-0.19617,1.27156,0.207665,0.491465,1.396,0.219857,0.64049,0.953377,0.339389,0.881259,0.835569,0.219857,0.64049,0.953377,0.000605113,1.03603,1.14019,1.12323,0.000263622,4.75318e-05,1.70485e-05
235,0.00656608,0.9741,-0.226022,-0.520143,-0.257115,-0.274869,1.113,0.0865312,-0.289286,1.052,-1,1,0.157233,-0.195681,1.27102,0.224767,0.496356,1.396,0.212235,0.640533,0.95352,0.314007,0.906594,0.791621,0.212235,0.640533,0.95352,0.000495753,1.27816,1.03772,1.16672,0.000228224,5.73484e-05,1.8457e-05
238,0.00656608,0.9741,-0.226022,-0.520143,-0.257115,-0.274869,1.113,0.0865312,-0.289286,1.052,-1,1,0.154255,-0.191867,1.2744,0.224767,0.496356,1.396,0.213093,0.640351,0.952756,0.623699,0.648625,0.37034,0.213093,0.640351,0.952756,0.000590427,1.4166,1.57543,1.55698,0.000206404,8.79385e-05,6.15352e-06
240,0.00656608,0.9741,-0.226022,-0.520143,-0.257115,-0.274869,1.113,0.0865312,-0.289286,1.052,-1,1,0.147812,-0.181387,1.27129,0.224767,0.496356,1.396,0.216298,0.642079,0.951869,0.806553,0.564561,0.367461,0.216298,0.642079,0.951869,0.00151505,1.0475,1.13992,1.33044,0.000208791,5.52032e-05,6.74769e-06
243,0.00656608,0.9741,-0.226022,-0.520143,-0.257115,-0.274869,1.113,0.0865312,-0.289286,1.052,-1,1,0.141262,-0.172092,1.26892,0.224767,0.496356,1.396,0.221608,0.644764,0.950927,0.809954,0.572201,0.399981,0.515781,0.608482,0.675454,0.00325132,1.00372,1.02356,1.13253,0.000203801,0.000122708,8.78028e-06
245,0.00656608,0.9741,-0.226022,-0.520143,-0.257115,-0.274869,1.113,0.0865312,-0.289286,1.052,-1,1,0.14456,-0.161528,1.26043,0.224767,0.496356,1.396,0.229211,0.646689,0.950431,0.812495,0.561377,0.440686,0.520853,0.604033,0.695558,0.00540644,1.01232,1.02331,1.02677,0.000271151,3.61434e-05,7.50952e-06
248,0.00656608,0.9741,-0.226022,-0.520143,-0.257115,-0.274869,1.113,0.0865312,-0.289286,1.052,-1,1,0.138395,-0.15958,1.26612,0.224767,0.496356,1.396,0.237321,0.65085,0.94901,0.800918,0.563353,0.44125,0.51912,0.607102,0.69513,0.00702915,1.0104,1.00654,1.012,0.000240837,9.27864e-05,1.20841e-05
250,0.00656608,0.9741,-0.226022,-0.520143,-0.257115,-0.274869,1.113,0.0865312,-0.289286,1.052,-1,1,0.141987,-0.160668,1.26449,0.232096,0.498801,1.396,0.240029,0.653596,0.948334,0.790526,0.557986,0.447827,0.515278,0.605791,0.69808,0.00756312,1.00486,1.00096,1.01156,0.00021391,5.85624e-05,1.23167e-05
253,0.00656608,0.9741,-0.226022,-0.520143,-0.257115,-0.274869,1.113,0.0865312,-0.289286,1.052,-1,1,0.139017,-0.157683,1.26183,0.232096,0.498801,1.396,0.245214,0.655617,0.947988,0.778012,0.5663,0.447891,0.511613,0.610958,0.69794,0.00686471,1.00065,1.00152,1.00133,0.000264185,2.18798e-05,7.85347e-06
255,0.00656608,0.9741,-0.226022,-0.520143,-0.257115,-0.274869,1.113,0.0865312,-0.289286,1.052,-1,1,0.134512,-0.154856,1.26183,0.232096,0.498801,1.396,0.24899,0.657159,0.947714,0.768528,0.559129,0.4639,0.508759,0.608144,0.705807,0.00545192,1.00004,1.00373,1.00324,0.000306349,1.84867e-05,7.27698e-06
257,0.00656608,0.9741,-0.226022,-0.520143,-0.257115,-0.274869,1.113,0.0865312,-0.289286,1.052,-1,1,0.133702,-0.154034,1.26267,0.232096,0.498801,1.396,0.250625,0.659834,0.947023,0.751639,0.588832,0.455561,0.501132,0.624333,0.701292,0.00401335,1.08006,1.00956,1.00169,0.000312636,1.99167e-05,7.15842e-06
260,0.00656608,0.9741,-0.226022,-0.520143,-0.257115,-0.274869,1.113,0.0865312,-0.289286,1.052,-1,1,0.135388,-0.154209,1.26461,0.232096,0.498801,1.396,0.251812,0.66051,0.946837,0.736419,0.610298,0.44497,0.251812,0.66051,0.946837,0.00263614,1.04184,1.03818,1.00373,0.000297645,2.27996e-05,3.26176e-06
263,0.00656608,0.9741,-0.226022,-0.520143,-0.257115,-0.274869,1.113,0.0865312,-0.289286,1.052,-1,1,0.135714,-0.151656,1.26371,0.23245,0.50735,1.413,0.238394,0.66182,0.946268,0.710591,0.633178,0.417234,0.238394,0.66182,0.946268,0.00204847,1.00446,1.00031,1.02424,0.000268863,1.89749e-05,1.2109e-05
265,0.00656608,0.9741,-0.226022,-0.520143,-0.257115,-0.274869,1.113,0.0865312,-0.289286,1.052,-1,1,0.138217,-0.153617,1.26544,0.23245,0.50735,1.413,0.239571,0.661195,0.945273,0.790762,0.552809,0.360576,0.239571,0.661195,0.945273,0.00152256,1.09021,1.01599,1.00995,0.000278711,2.65536e-05,1.40976e-05
267,0.00656608,0.9741,-0.226022,-0.520143,-0.257115,-0.274869,1.113,0.0865312,-0.289286,1.052,-1,1,0.140033,-0.155754,1.26569,0.23245,0.50735,1.413,0.239763,0.658898,0.944512,0.880005,0.401085,0.186366,0.239763,0.658898,0.944512,0.00155312,1.30951,1.4133,1.06866,0.000258347,2.72188e-05,1.13114e-05
270,0.00656608,0.9741,-0.226022,-0.520143,-0.257115,-0.274869,1.113,0.0865312,-0.289286,1.052,-1,1,0.142595,-0.15556,1.26775,0.23245,0.50735,1.413,0.239983,0.65535,0.943465,0.607606,0.132193,0.228948,0.239983,0.65535,0.943465,0.00150972,1.001,1.84459,1.76213,0.000240143,5.98282e-05,1.13929e-05
272,0.00656608,0.9741,-0.226022,-0.520143,-0.257115,-0.274869,1.113,0.0865312,-0.289286,1.052,-1,1,0.144358,-0.15618,1.26648,0.23245,0.50735,1.413,0.239911,0.652239,0.942986,0.514951,0.142986,0.354809,0.239911,0.652239,0.942986,0.00176828,1.01251,1.07735,2.06635,0.000256509,3.14512e-05,8.52445e-06
275,0.00656608,0.9741,-0.226022,-0.520143,-0.257115,-0.274869,1.113,0.0865312,-0.289286,1.052,-1,1,0.146048,-0.155746,1.26728,0.230953,0.51199,1.419,0.232349,0.648648,0.942368,0.485758,0.16533,0.386236,0.232349,0.648648,0.942368,0.00209335,1.00448,1.01224,1.40462,0.000246387,6.96881e-05,1.23151e-05
277,0.00656608,0.9741,-0.226022,-0.520143,-0.257115,-0.274869,1.113,0.0865312,-0.289286,1.052,-1,1,0.147288,-0.155952,1.26674,0.230953,0.51199,1.419,0.232144,0.6456,0.941986,0.467814,0.180145,0.41987,0.232144,0.6456,0.941986,0.00203341,1.00551,1.00396,1.04791,0.000235666,5.20549e-05,1.41842e-05
279,0.00656608,0.9741,-0.226022,-0.520143,-0.257115,-0.274869,1.113,0.0865312,-0.289286,1.052,-1,1,0.148661,-0.153671,1.26535,0.230953,0.51199,1.419,0.232902,0.642464,0.941422,0.502903,0.148926,0.411293,0.232902,0.642464,0.941422,0.00200083,1.03457,1.01571,1.00915,0.000263911,4.08364e-05,1.5325e-05
282,0.00656608,0.9741,-0.226022,-0.520143,-0.257115,-0.274869,1.113,0.0865312,-0.289286,1.052,-1,1,0.151199,-0.155001,1.26749,0.230953,0.51199,1.419,0.233288,0.639478,0.940994,0.544149,0.133708,0.415469,0.233288,0.639478,0.940994,0.00179773,1.00372,1.03718,1.02196,0.000252563,5.27647e-05,1.04063e-05
284,0.00656608,0.9741,-0.226022,-0.520143,-0.257115,-0.274869,1.113,0.0865312,-0.289286,1.052,-1,1,0.152989,-0.154391,1.26729,0.230953,0.51199,1.419,0.23403,0.636213,0.940236,0.591075,0.114217,0.39277,0.23403,0.636213,0.940236,0.00175736,1.0043,1.00286,1.03218,0.000276136,6.22286e-05,1.23392e-05
287,0.00656608,0.9741,-0.226022,-0.520143,-0.257115,-0.274869,1.113,0.0865312,-0.289286,1.052,-1,1,0.151881,-0.15307,1.26645,0.233925,0.500267,1.407,0.252389,0.634035,0.939795,0.605365,0.116389,0.38993,0.252389,0.634035,0.939795,0.00159667,1.01228,1.00284,1.02057,0.000245041,7.3995e-05,1.27174e-05
289,0.00656608,0.9741,-0.226022,-0.520143,-0.257115,-0.274869,1.113,0.0865312,-0.289286,1.052,-1,1,0.144528,-0.150099,1.264,0.233925,0.500267,1.407,0.253652,0.634744,0.939771,0.74124,0.214086,0.377571,0.253652,0.634744,0.939771,0.00149011,1.38531,1.16842,1.06684,0.000267976,3.26255e-05,7.22734e-06
291,0.00656608,0.9741,-0.226022,-0.520143,-0.257115,-0.274869,1.113,0.0865312,-0.289286,1.052,-1,1,0.1236,-0.142228,1.24549,0.233925,0.500267,1.407,0.254623,0.644739,0.943089,0.597166,0.698454,0.614649,0.425895,0.671597,0.778869,0.00316415,1.02992,1.61059,1.88989,0.000337977,1.23903e-05,3.30057e-06
294,0.00656608,0.9741,-0.226022,-0.520143,-0.257115,-0.274869,1.113,0.0865312,-0.289286,1.052,-1,0,0.0739188,-0.145809,1.24227,0.233925,0.500267,1.407,0.252565,0.673376,0.949223,0.496194,0.832576,0.615492,0.374379,0.752976,0.782358,0.00818663,1.01806,1.07987,1.41827,8.06056e-05,9.78811e-07,7.42357e-18
296,0.00656608,0.9741,-0.226022,-0.520143,-0.257115,-0.274869,1.113,0.0865312,-0.289286,1.052,-1,0,0.0303162,-0.143042,1.23733,0.233925,0.500267,1.407,0.248064,0.71686,0.955427,0.460582,0.855129,0.579413,0.354323,0.785995,0.76742,0.0161706,1.00074,1.01886,1.1049,3.59478e-05,1.0056e-06,9.49169e-25
299,0.00656608,0.9741,-0.226022,-0.520143,-0.257115,-0.274869,1.113,0.0865312,-0.289286,1.052,-1,0,-0.0416974,-0.161279,1.48908,0.219151,0.495338,1.407,0.257287,0.745805,0.916409,0.462632,0.691717,0.362428,0.35996,0.718761,0.639418,0.0335824,1.1393,1.08902,1.05609,3.43426e-05,7.01258e-06,9.51816e-07
300,0.00656608,0.9741,-0.226022,-0.520143,-0.257115,-0.274869,1.113,0.0865312,-0.289286,1.052,-1,0,-0.064844,-0.103314,1.22992,0.219151,0.495338,1.407,0.253151,0.804673,0.910124,0.455301,0.69421,0.33655,0.354226,0.749442,0.623337,0.0426101,1.14737,1.05593,1.03852,7.48851e-05,2.0094e-05,2.52433e-06
304,0.00656608,0.9741,-0.226022,-0.520143,-0.257115,-0.274869,1.113,0.0865312,-0.289286,1.052,-1,0,-0.133305,-0.10684,1.25834,0.219151,0.495338,1.407,0.240523,0.8592,0.882471,0.437331,0.655007,0.282779,0.338927,0.757103,0.582625,0.0514676,1.0062,1.04798,1.03678,0.000226826,4.24337e-05,4.4796e-06
306,0.00656608,0.9741,-0.226022,-0.520143,-0.257115,-0.274869,1.113,0.0865312,-0.289286,1.052,-1,1,-0.165229,-0.100561,1.26904,0.219151,0.495338,1.407,0.228275,0.893581,0.839458,0.417072,0.667696,0.308989,0.322674,0.780638,0.574224,0.0481155,1.00076,1.01662,1.02095,0.000276661,8.25733e-06,4.81773e-06
309,0.00656608,0.9741,-0.226022,-0.520143,-0.257115,-0.274869,1.113,0.0865312,-0.289286,1.052,-1,1,-0.20283,-0.0954903,1.28697,0.219151,0.495338,1.407,0.214507,0.911401,0.779996,0.40062,0.592039,0.249398,0.307563,0.75172,0.514697,0.0498383,1.00118,1.00518,1.00436,0.000292153,1.65412e-05,2.90001e-06
312,0.00656608,0.9741,-0.226022,-0.520143,-0.257115,-0.274869,1.113,0.0865312,-0.289286,1.052,-1,1,-0.22824,-0.0878904,1.29798,0.211011,0.493578,1.402,0.207235,0.946792,0.770008,0.393721,0.598246,0.276486,0.300478,0.772519,0.523247,0.0509922,1.13269,1.02126,1.02961,0.00025352,2.15044e-05,2.87261e-06
315,0.00656608,0.9741,-0.226022,-0.520143,-0.257115,-0.274869,1.113,0.0865312,-0.289286,1.052,-1,1,-0.237481,-0.0814656,1.30182,0.211011,0.493578,1.402,0.19304,0.945536,0.709775,0.379587,0.548441,0.251791,0.286314,0.746989,0.480783,0.0472204,1.19217,1.02818,1.00225,0.000272546,2.86951e-05,6.40622e-06
318,0.00656608,0.9741,-0.226022,-0.520143,-0.257115,-0.274869,1.113,0.0865312,-0.289286,1.052,-1,1,-0.239012,-0.080248,1.30165,0.211011,0.493578,1.402,0.186023,0.94016,0.668745,0.375657,0.526853,0.25638,0.28084,0.733506,0.462563,0.0388351,1.0015,1.06323,1.01002,0.000273527,2.70874e-05,7.94384e-06
321,0.00656608,0.9741,-0.226022,-0.520143,-0.257115,-0.274869,1.113,0.0865312,-0.289286,1.052,-1,1,-0.236958,-0.0786025,1.29889,0.211011,0.493578,1.402,0.181614,0.934496,0.639566,0.387264,0.404761,0.122308,0.284439,0.669628,0.380937,0.0257536,1.00027,1.05518,1.03644,0.000263426,2.20594e-05,5.84331e-06
324,0.00656608,0.9741,-0.226022,-0.520143,-0.257115,-0.274869,1.113,0.0865312,-0.289286,1.052,-1,1,-0.234581,-0.0811002,1.29909,0.209301,0.497802,1.407,0.17718,0.931036,0.625971,0.411776,0.378686,0.102034,0.294478,0.654861,0.364002,0.015662,1.00177,1.00243,1.0243,0.000261833,2.60103e-05,5.95468e-06
327,0.00656608,0.9741,-0.226022,-0.520143,-0.257115,-0.274869,1.113,0.0865312,-0.289286,1.052,-1,1,-0.232645,-0.0821674,1.2975,0.209301,0.497802,1.407,0.177548,0.930272,0.62388,0.431916,0.365254,0.0927356,0.304732,0.647763,0.358308,0.00832526,1.02709,1.0046,1.02144,0.000269269,2.53096e-05,7.88521e-06
330,0.00656608,0.9741,-0.226022,-0.520143,-0.257115,-0.274869,1.113,0.0865312,-0.289286,1.052,-1,1,-0.231842,-0.0830261,1.29747,0.209301,0.497802,1.407,0.17787,0.931092,0.626581,0.47593,0.356584,0.118407,0.3269,0.643838,0.372494,0.00342895,2.2377,1.06759,1.00568,0.0002728,2.45056e-05,7.26009e-06
332,0.00656608,0.9741,-0.226022,-0.520143,-0.257115,-0.274869,1.113,0.0865312,-0.289286,1.052,-1,1,-0.230961,-0.0831892,1.29615,0.207721,0.5024,1.413,0.174506,0.93225,0.630413,0.613966,0.626861,0.812106,0.174506,0.93225,0.630413,0.00164748,1.0011,2.20443,1.1145,0.000253228,2.28348e-05,7.98003e-06
335,0.00656608,0.9741,-0.226022,-0.520143,-0.257115,-0.274869,1.113,0.0865312,-0.289286,1.052,-1,1,-0.231615,-0.082732,1.29855,0.207721,0.5024,1.413,0.174479,0.932849,0.632648,0.539901,0.664121,0.943546,0.174479,0.932849,0.632648,0.00161573,1.04397,1.23931,1.4631,0.000270938,2.64558e-05,7.62408e-06
338,0.00656608,0.9741,-0.226022,-0.520143,-0.257115,-0.274869,1.113,0.0865312,-0.289286,1.052,-1,1,-0.231089,-0.0847502,1.2994,0.207721,0.5024,1.413,0.174322,0.933305,0.634163,0.510444,0.658169,0.902652,0.174322,0.933305,0.634163,0.00146712,1.00428,1.06319,3.6159,0.000280116,2.44624e-05,8.52342e-06
341,0.00656608,0.9741,-0.226022,-0.520143,-0.257115,-0.274869,1.113,0.0865312,-0.289286,1.052,-1,1,-0.231812,-0.0827398,1.29832,0.207721,0.5024,1.413,0.174356,0.933253,0.634317,0.481377,0.614519,0.792817,0.174356,0.933253,0.634317,0.000874759,1.0344,1.03939,1.19473,0.00027676,1.99602e-05,1.17628e-05
343,0.00656608,0.9741,-0.226022,-0.520143,-0.257115,-0.274869,1.113,0.0865312,-0.289286,1.052,-1,1,-0.230479,-0.0852237,1.3016,0.207721,0.5024,1.413,0.174296,0.932941,0.634204,0.471558,0.511998,0.631662,0.174296,0.932941,0.634204,0.000749125,1.0152,1.11329,1.13472,0.00029429,2.53357e-05,8.12989e-06
346,0.00656608,0.9741,-0.226022,-0.520143,-0.257115,-0.274869,1.113,0.0865312,-0.289286,1.052,-1,1,-0.232141,-0.0788727,1.29702,0.207721,0.499925,1.413,0.176911,0.932153,0.632952,0.647085,0.172353,0.326357,0.176911,0.932153,0.632952,0.000715638,1.73521,1.4671,1.33509,0.00024896,2.46998e-05,6.07668e-06
349,0.00656608,0.9741,-0.226022,-0.520143,-0.257115,-0.274869,1.113,0.0865312,-0.289286,1.052,-1,1,-0.242312,-0.0363326,1.27017,0.207721,0.499925,1.413,0.182287,0.929124,0.627654,0.669088,0.384023,0.393654,0.425687,0.656573,0.510654,0.00432449,1.01841,1.20654,1.46834,0.000193922,2.70961e-05,6.8474e-06
351,0.00656608,0.9741,-0.226022,-0.520143,-0.257115,-0.274869,1.113,0.0865312,-0.289286,1.052,-1,1,-0.247852,0.00825462,1.24043,0.207721,0.499925,1.413,0.193516,0.921624,0.617242,0.649373,0.386834,0.404818,0.421444,0.654229,0.51103,0.0114255,1.00023,1.03754,1.11826,0.000210669,2.86667e-05,3.96573e-06
354,0.00656608,0.9741,-0.226022,-0.520143,-0.257115,-0.274869,1.113,0.0865312,-0.289286,1.052,-1,1,-0.253773,0.0757619,1.20566,0.207721,0.499925,1.413,0.213631,0.90239,0.59553,0.641493,0.348763,0.387414,0.427562,0.625577,0.491472,0.0234486,1.00027,1.0005,1.02251,0.00025555,3.0004e-05,5.06437e-06
356,0.00656608,0.9741,-0.226022,-0.520143,-0.257115,-0.274869,1.113,0.0865312,-0.289286,1.052,-1,1,-0.255146,0.117352,1.1919,0.210194,0.499925,1.413,0.237481,0.866753,0.560381,0.631426,0.301159,0.359043,0.434454,0.583956,0.459712,0.0351989,1.00015,1.00053,1.00045,0.000229218,3.18544e-05,3.70014e-06
358,0.00656608,0.9741,-0.226022,-0.520143,-0.257115,-0.274869,1.113,0.0865312,-0.289286,1.052,-1,1,-0.254645,0.147719,1.18456,0.210194,0.499925,1.413,0.266174,0.812805,0.513591,0.619994,0.255575,0.327938,0.443084,0.53419,0.420764,0.0447035,1.0002,1.00062,1.00055,0.000224976,2.84499e-05,1.99105e-06
360,0.00656608,0.9741,-0.226022,-0.520143,-0.257115,-0.274869,1.113,0.0865312,-0.289286,1.052,-1,1,-0.253773,0.170199,1.17922,0.210194,0.499925,1.413,0.292994,0.752113,0.466963,0.611893,0.219615,0.302468,0.452444,0.485864,0.384716,0.0474407,1.00044,1.00085,1.00119,0.000243896,3.57802e-05,7.18449e-06
362,0.00656608,0.9741,-0.226022,-0.520143,-0.257115,-0.274869,1.113,0.0865312,-0.289286,1.052,-1,1,-0.25136,0.181337,1.17482,0.210194,0.499925,1.413,0.316062,0.694602,0.426074,0.609387,0.190529,0.283012,0.462725,0.442565,0.354543,0.0443372,1.00047,1.00139,1.00184,0.000270503,3.40308e-05,7.18824e-06
364,0.00656608,0.9741,-0.226022,-0.520143,-0.257115,-0.274869,1.113,0.0865312,-0.289286,1.052,-1,1,-0.248973,0.181456,1.17357,0.210194,0.499925,1.413,0.331795,0.657169,0.401408,0.617706,0.167555,0.272544,0.47475,0.412362,0.336976,0.0347774,1.00099,1.00189,1.00266,0.000282626,3.39555e-05,5.42873e-06
366,0.00656608,0.9741,-0.226022,-0.520143,-0.257115,-0.274869,1.113,0.0865312,-0.289286,1.052,-1,1,-0.250034,0.172482,1.17311,0.210194,0.499925,1.413,0.340147,0.637397,0.389134,0.628588,0.152306,0.269748,0.484368,0.394851,0.329441,0.0236112,1.00035,1.00168,1.00278,0.000268837,2.77802e-05,2.09603e-06
369,0.00656608,0.9741,-0.226022,-0.520143,-0.257115,-0.274869,1.113,0.0865312,-0.289286,1.052,-1,1,-0.252269,0.161573,1.17523,0.201153,0.494592,1.419,0.353483,0.632635,0.386579,0.637484,0.15039,0.279674,0.495484,0.391512,0.333127,0.0123939,1.00627,1.00094,1.00191,0.000298178,2.65608e-05,5.60711e-06
371,0.00656608,0.9741,-0.226022,-0.520143,-0.257115,-0.274869,1.113,0.0865312,-0.289286,1.052,-1,1,-0.253503,0.1572,1.17718,0.201153,0.494592,1.419,0.351061,0.637668,0.39024,0.619466,0.203548,0.326096,0.485264,0.420608,0.358168,0.00590043,2.56505,1.04016,1.00171,0.000287735,3.1176e-05,5.68923e-06
373,0.00656608,0.9741,-0.226022,-0.520143,-0.257115,-0.274869,1.113,0.0865312,-0.289286,1.052,-1,1,-0.254125,0.156276,1.17782,0.201153,0.494592,1.419,0.34649,0.647008,0.396173,0.277706,0.938742,0.799382,0.312098,0.792875,0.597777,0.00369521,1.01042,2.72602,1.13573,0.000293739,3.71104e-05,5.58278e-06
375,0.00656608,0.9741,-0.226022,-0.520143,-0.257115,-0.274869,1.113,0.0865312,-0.289286,1.052,-1,1,-0.253299,0.154343,1.17599,0.201153,0.494592,1.419,0.341111,0.657132,0.402384,0.296263,0.931111,0.747813,0.318687,0.794121,0.575099,0.00440763,1.00041,1.24661,2.03075,0.000284709,3.49867e-05,6.889e-06
377,0.00656608,0.9741,-0.226022,-0.520143,-0.257115,-0.274869,1.113,0.0865312,-0.289286,1.052,-1,1,-0.249515,0.150741,1.17435,0.201153,0.494592,1.419,0.337634,0.665245,0.408226,0.305014,0.921201,0.746396,0.321324,0.793223,0.577311,0.00498248,1.00419,1.00032,4.68347,0.000276298,3.47921e-05,3.79817e-06
379,0.00656608,0.9741,-0.226022,-0.520143,-0.257115,-0.274869,1.113,0.0865312,-0.289286,1.052,-1,1,-0.237381,0.145521,1.17744,0.202775,0.494975,1.413,0.340029,0.671069,0.415438,0.372782,0.904179,0.818744,0.356406,0.787624,0.617091,0.00475675,1.06907,1.0342,1.02117,0.000293751,5.77232e-05,7.60572e-06
381,0.00656608,0.9741,-0.226022,-0.520143,-0.257115,-0.274869,1.113,0.0865312,-0.289286,1.052,-1,1,-0.208848,0.131804,1.15893,0.202775,0.494975,1.413,0.343591,0.681092,0.433007,0.506691,0.748719,0.960041,0.425141,0.714906,0.696524,0.00655382,1.02992,1.15539,1.10478,0.000282006,8.60584e-06,3.0402e-06
383,0.00656608,0.9741,-0.226022,-0.520143,-0.257115,-0.274869,1.113,0.0865312,-0.289286,1.052,-1,1,-0.17404,0.116139,1.14306,0.202775,0.494975,1.413,0.350027,0.696028,0.463672,0.556306,0.648571,0.869184,0.453167,0.672299,0.666428,0.0115076,1.00038,1.05786,1.16551,0.000280217,1.34338e-05,2.93901e-06
385,0.00656608,0.9741,-0.226022,-0.520143,-0.257115,-0.274869,1.113,0.0865312,-0.289286,1.052,-1,1,-0.136339,0.104298,1.12862,0.202775,0.494975,1.413,0.359993,0.71186,0.506375,0.55512,0.603718,0.832873,0.457556,0.657789,0.669624,0.0190906,1.00041,1.00463,1.08485,0.000278472,1.94046e-05,1.817e-06
387,0.00656608,0.9741,-0.226022,-0.520143,-0.257115,-0.274869,1.113,0.0865312,-0.289286,1.052,-1,1,-0.0938523,0.095202,1.11704,0.202775,0.494975,1.413,0.373643,0.723835,0.559517,0.552088,0.560651,0.804373,0.462865,0.642243,0.681945,0.0271178,1.00048,1.00129,1.0145,0.000280997,1.70887e-05,2.28132e-06
389,0.00656608,0.9741,-0.226022,-0.520143,-0.257115,-0.274869,1.113,0.0865312,-0.289286,1.052,-1,1,-0.0502105,0.0706587,1.10247,0.202775,0.494975,1.413,0.383183,0.733826,0.624943,0.533819,0.521475,0.781618,0.458501,0.627651,0.70328,0.0350504,1.00022,1.00048,1.00217,6.18478e-05,1.72279e-05,9.56851e-07
392,0.00656608,0.9741,-0.226022,-0.520143,-0.257115,-0.274869,1.113,0.0865312,-0.289286,1.052,-1,1,0.00528431,0.0742347,1.08715,0.219151,0.500267,1.407,0.381489,0.72554,0.685162,0.531248,0.469963,0.743126,0.456369,0.597751,0.714144,0.0415379,1.00178,1.00029,1.00145,0.000268473,2.57526e-05,2.46759e-06
394,0.00656608,0.9741,-0.226022,-0.520143,-0.257115,-0.274869,1.113,0.0865312,-0.289286,1.052,-1,1,0.0348793,0.0745657,1.08038,0.219151,0.500267,1.407,0.395581,0.703403,0.731815,0.52212,0.422097,0.70101,0.458851,0.56275,0.716413,0.0446791,1.00059,1.00225,1.00148,0.000299721,3.2165e-05,1.17592e-06
396,0.00656608,0.9741,-0.226022,-0.520143,-0.257115,-0.274869,1.113,0.0865312,-0.289286,1.052,-1,1,0.056936,0.0762111,1.07582,0.219151,0.500267,1.407,0.407351,0.672357,0.764167,0.523912,0.371227,0.649459,0.465632,0.521792,0.706813,0.0438283,1.00037,1.0029,1.00368,0.000286884,4.10616e-05,5.26666e-06
398,0.00656608,0.9741,-0.226022,-0.520143,-0.257115,-0.274869,1.113,0.0865312,-0.289286,1.052,-1,1,0.0716003,0.0770291,1.07274,0.219151,0.500267,1.407,0.415388,0.639116,0.78407,0.520554,0.33405,0.606713,0.467971,0.486583,0.695392,0.0397737,1.00014,1.00137,1.00387,0.000289632,3.89649e-05,4.77862e-06
400,0.00656608,0.9741,-0.226022,-0.520143,-0.257115,-0.274869,1.113,0.0865312,-0.289286,1.052,-1,1,0.0818097,0.0791058,1.07236,0.219151,0.500267,1.407,0.426417,0.603387,0.788119,0.527882,0.296385,0.559809,0.47715,0.449886,0.673964,0.0340155,1.00366,1.00231,1.00511,0.000283915,4.16503e-05,8.04132e-06
402,0.00656608,0.9741,-0.226022,-0.520143,-0.257115,-0.274869,1.113,0.0865312,-0.289286,1.052,-1,1,0.0882441,0.0802506,1.07224,0.236387,0.500267,1.407,0.424585,0.580062,0.788579,0.548289,0.267181,0.524231,0.486437,0.423621,0.656405,0.0261614,1.00026,1.0046,1.00452,0.0002661,3.95834e-05,3.2576e-06
404,0.00656608,0.9741,-0.226022,-0.520143,-0.257115,-0.274869,1.113,0.0865312,-0.289286,1.052,-1,1,0.0911856,0.0795421,1.0734,0.236387,0.500267,1.407,0.430235,0.563815,0.787763,0.569908,0.235786,0.488412,0.500071,0.399801,0.638087,0.0184755,1.00039,1.00216,1.00595,0.000268622,4.13288e-05,6.41199e-06
406,0.00656608,0.9741,-0.226022,-0.520143,-0.257115,-0.274869,1.113,0.0865312,-0.289286,1.052,-1,1,0.0935486,0.0771518,1.07289,0.236387,0.500267,1.407,0.433451,0.553839,0.787665,0.575273,0.232716,0.482254,0.504362,0.393278,0.63496,0.0118801,1.00068,1.00105,1.00316,0.000271007,3.44436e-05,2.83354e-06
408,0.00656608,0.9741,-0.226022,-0.520143,-0.257115,-0.274869,1.113,0.0865312,-0.289286,1.052,-1,1,0.093906,0.0763138,1.07568,0.236387,0.500267,1.407,0.435995,0.548218,0.787832,0.583817,0.238051,0.484035,0.509906,0.393134,0.635934,0.00774711,1.00564,1.0031,1.00282,0.000263828,4.63811e-05,7.64053e-06
411,0.00656608,0.9741,-0.226022,-0.520143,-0.257115,-0.274869,1.113,0.0865312,-0.289286,1.052,-1,1,0.0962829,0.0720011,1.07873,0.236387,0.500267,1.407,0.436773,0.546469,0.790075,0.57611,0.285212,0.522616,0.506442,0.415841,0.656346,0.00510575,1.02863,1.02047,1.00859,0.000259221,4.11188e-05,6.8466e-06
413,0.00656608,0.9741,-0.226022,-0.520143,-0.257115,-0.274869,1.113,0.0865312,-0.289286,1.052,-1,1,0.0990202,0.0690995,1.08244,0.236387,0.490409,1.407,0.450294,0.546861,0.793585,0.556277,0.388025,0.59756,0.503285,0.467443,0.695572,0.00389378,1.01721,1.0747,1.04117,0.000265398,4.63246e-05,9.68882e-06
415,0.00656608,0.9741,-0.226022,-0.520143,-0.257115,-0.274869,1.113,0.0865312,-0.289286,1.052,-1,1,0.0998654,0.0647176,1.08614,0.236387,0.490409,1.407,0.449791,0.54881,0.79823,0.505286,0.505324,0.679893,0.477539,0.527067,0.739061,0.00381902,1.00516,1.07351,1.1167,0.000262209,4.45284e-05,8.98165e-06
417,0.00656608,0.9741,-0.226022,-0.520143,-0.257115,-0.274869,1.113,0.0865312,-0.289286,1.052,-1,1,0.103511,0.0547144,1.09289,0.236387,0.490409,1.407,0.448782,0.55252,0.805117,0.479472,0.567407,0.709515,0.464127,0.559964,0.757316,0.00477405,1.00118,1.02345,1.14477,0.000292714,4.6043e-05,5.09178e-06
419,0.00656608,0.9741,-0.226022,-0.520143,-0.257115,-0.274869,1.113,0.0865312,-0.289286,1.052,-1,1,0.106448,0.0357799,1.10409,0.236387,0.490409,1.407,0.444569,0.560257,0.817434,0.444956,0.603822,0.734008,0.444763,0.58204,0.775721,0.00694099,1.00209,1.00654,1.06719,0.000292234,4.33298e-05,6.87394e-06
421,0.00656608,0.9741,-0.226022,-0.520143,-0.257115,-0.274869,1.113,0.0865312,-0.289286,1.052,-1,1,0.110806,0.0102544,1.12205,0.236387,0.490409,1.407,0.437196,0.572714,0.835309,0.420092,0.619236,0.740735,0.428644,0.595975,0.788022,0.0106362,1.0004,1.00335,1.01776,0.000319083,4.81316e-05,1.03037e-05
424,0.00656608,0.9741,-0.226022,-0.520143,-0.257115,-0.274869,1.113,0.0865312,-0.289286,1.052,-1,1,0.11651,-0.0229158,1.14067,0.236387,0.490409,1.407,0.423525,0.591082,0.86016,0.390546,0.62503,0.743849,0.407035,0.608056,0.802005,0.0158781,1.00038,1.00167,1.00653,0.000268763,4.19648e-05,4.07038e-06
426,0.00656608,0.9741,-0.226022,-0.520143,-0.257115,-0.274869,1.113,0.0865312,-0.289286,1.052,-1,1,0.125228,-0.0603018,1.17339,0.219881,0.47435,1.396,0.443979,0.612877,0.889185,0.371418,0.610575,0.72008,0.407699,0.611726,0.804632,0.0227772,1.00024,1.00033,1.00209,0.000317913,4.55635e-05,1.94601e-05
429,0.00656608,0.9741,-0.226022,-0.520143,-0.257115,-0.274869,1.113,0.0865312,-0.289286,1.052,-1,1,0.131134,-0.0952645,1.198,0.219881,0.47435,1.396,0.417019,0.635245,0.917259,0.352346,0.589007,0.687226,0.384683,0.612126,0.802243,0.030004,1.00003,1.00011,1.00069,0.000312434,4.10809e-05,4.42087e-06
431,0.00656608,0.9741,-0.226022,-0.520143,-0.257115,-0.274869,1.113,0.0865312,-0.289286,1.052,-1,1,0.134682,-0.119243,1.22816,0.219881,0.47435,1.396,0.388442,0.651998,0.937248,0.342312,0.558589,0.634771,0.365377,0.605294,0.78601,0.0360215,1.0005,1.00038,1.00036,0.000294504,4.96247e-05,1.47739e-05
433,0.00656608,0.9741,-0.226022,-0.520143,-0.257115,-0.274869,1.113,0.0865312,-0.289286,1.052,-1,1,0.138346,-0.137401,1.24506,0.219881,0.47435,1.396,0.359314,0.66111,0.948799,0.331327,0.529164,0.581154,0.345321,0.595137,0.764977,0.038661,1.00005,1.0007,1.00056,0.000283028,4.47183e-05,1.19368e-05
435,0.00656608,0.9741,-0.226022,-0.520143,-0.257115,-0.274869,1.113,0.0865312,-0.289286,1.052,-1,1,0.141882,-0.150471,1.25811,0.219881,0.47435,1.396,0.333705,0.662168,0.95232,0.327658,0.49857,0.524125,0.330682,0.580369,0.738222,0.0379952,1.0003,1.00067,1.00133,0.00026821,5.12963e-05,7.9149e-06
437,0.00656608,0.9741,-0.226022,-0.520143,-0.257115,-0.274869,1.113,0.0865312,-0.289286,1.052,-1,1,0.143306,-0.157676,1.2648,0.214994,0.471905,1.396,0.317856,0.659635,0.951657,0.322874,0.476108,0.482155,0.320365,0.567872,0.716906,0.0336102,1.00003,1.00049,1.00108,0.000241686,7.21948e-05,1.05406e-05
439,0.00656608,0.9741,-0.226022,-0.520143,-0.257115,-0.274869,1.113,0.0865312,-0.289286,1.052,-1,1,0.146588,-0.160143,1.26762,0.214994,0.471905,1.396,0.30457,0.653985,0.948189,0.326155,0.455969,0.44622,0.315363,0.554977,0.697204,0.0270949,1.00062,1.00047,1.00129,0.000281493,3.64221e-05,8.85415e-06
441,0.00656608,0.9741,-0.226022,-0.520143,-0.257115,-0.274869,1.113,0.0865312,-0.289286,1.052,-1,1,0.147276,-0.163793,1.27126,0.214994,0.471905,1.396,0.295029,0.649116,0.945615,0.325753,0.441807,0.425858,0.310391,0.545462,0.685737,0.0196297,1.0005,1.00044,1.00066,0.000294067,4.51755e-05,8.17068e-06
443,0.00656608,0.9741,-0.226022,-0.520143,-0.257115,-0.274869,1.113,0.0865312,-0.289286,1.052,-1,1,0.148565,-0.168291,1.27426,0.214994,0.471905,1.396,0.288372,0.644929,0.943491,0.328211,0.424928,0.409674,0.308291,0.534929,0.676583,0.0135591,1.00017,1.00055,1.00064,0.000220656,5.75706e-05,1.13986e-05
446,0.00656608,0.9741,-0.226022,-0.520143,-0.257115,-0.274869,1.113,0.0865312,-0.289286,1.052,-1,1,0.148541,-0.173743,1.2807,0.214994,0.471905,1.396,0.283338,0.641848,0.941622,0.319613,0.417384,0.408297,0.301475,0.529616,0.67496,0.0093389,1.00016,1.00037,1.00042,0.000234182,7.16368e-05,9.74954e-06
448,0.00656608,0.9741,-0.226022,-0.520143,-0.257115,-0.274869,1.113,0.0865312,-0.289286,1.052,-1,1,0.148669,-0.175075,1.28386,0.216503,0.472311,1.39,0.280427,0.638998,0.939697,0.319721,0.410252,0.397474,0.300074,0.524625,0.668585,0.00687866,1.00043,1.00013,1.00035,0.000247542,7.43542e-05,8.79079e-06
450,0.00656608,0.9741,-0.226022,-0.520143,-0.257115,-0.274869,1.113,0.0865312,-0.289286,1.052,-1,1,0.1494,-0.174346,1.28434,0.216503,0.472311,1.39,0.277399,0.636966,0.937897,0.325913,0.412124,0.383554,0.301656,0.524545,0.660726,0.00543832,1.0009,1.00113,1.00007,0.000238488,7.98926e-05,1.03971e-05
452,0.00656608,0.9741,-0.226022,-0.520143,-0.257115,-0.274869,1.113,0.0865312,-0.289286,1.052,-1,1,0.149463,-0.17521,1.28513,0.216503,0.472311,1.39,0.274974,0.635238,0.936306,0.334885,0.411769,0.36869,0.30493,0.523503,0.652498,0.00443739,1.00004,1.00143,1.00121,0.000221228,9.34408e-05,9.91775e-06
454,0.00656608,0.9741,-0.226022,-0.520143,-0.257115,-0.274869,1.113,0.0865312,-0.289286,1.052,-1,1,0.149695,-0.174172,1.28542,0.216503,0.472311,1.39,0.273903,0.633746,0.934705,0.35224,0.412472,0.347838,0.313071,0.523109,0.641271,0.003525,1.00511,1.00209,1.0034,0.000246323,0.00010044,1.19879e-05
457,0.00656608,0.9741,-0.226022,-0.520143,-0.257115,-0.274869,1.113,0.0865312,-0.289286,1.052,-1,1,0.154228,-0.17158,1.28203,0.216503,0.472311,1.39,0.274716,0.631413,0.933956,0.40084,0.346723,0.301083,0.274716,0.631413,0.933956,0.00246607,1.28477,1.02763,1.00632,0.000278665,3.20122e-05,3.97642e-06
459,0.00656608,0.9741,-0.226022,-0.520143,-0.257115,-0.274869,1.113,0.0865312,-0.289286,1.052,-1,1,0.164479,-0.158839,1.27689,0.216503,0.47718,1.39,0.272615,0.625566,0.932877,0.697185,0.0952021,0.29397,0.272615,0.625566,0.932877,0.00284005,1.03757,1.88679,1.30638,0.000206078,5.03084e-05,6.76178e-06
461,0.00656608,0.9741,-0.226022,-0.520143,-0.257115,-0.274869,1.113,0.0865312,-0.289286,1.052,-1,1,0.168765,-0.129159,1.25621,0.216503,0.47718,1.39,0.284281,0.618706,0.932484,0.759289,0.337688,0.45111,0.521785,0.478197,0.691797,0.00577166,1.01701,1.25179,2.35721,0.000238514,5.56679e-05,5.8706e-06
463,0.00656608,0.9741,-0.226022,-0.520143,-0.257115,-0.274869,1.113,0.0865312,-0.289286,1.052,-1,1,0.161732,-0.0950962,1.23075,0.216503,0.47718,1.39,0.304524,0.613575,0.932655,0.755393,0.402237,0.468451,0.529959,0.507906,0.700553,0.0118632,1.00597,1.03068,1.35228,0.000214456,4.93942e-05,1.63996e-05
466,0.00656608,0.9741,-0.226022,-0.520143,-0.257115,-0.274869,1.113,0.0865312,-0.289286,1.052,-1,1,0.138591,-0.0606833,1.21219,0.216503,0.47718,1.39,0.333231,0.613049,0.93132,0.744758,0.443954,0.458276,0.538995,0.528501,0.694798,0.0193174,1.00536,1.02035,1.05516,0.000168336,6.73768e-05,8.63325e-06
468,0.00656608,0.9741,-0.226022,-0.520143,-0.257115,-0.274869,1.113,0.0865312,-0.289286,1.052,-1,1,0.0993782,-0.0410314,1.19008,0.216503,0.47718,1.39,0.36453,0.623737,0.929417,0.714776,0.483083,0.442233,0.539653,0.55341,0.685825,0.0267972,1.00789,1.02079,1.03156,0.000248904,4.56659e-05,4.22964e-06
470,0.00656608,0.9741,-0.226022,-0.520143,-0.257115,-0.274869,1.113,0.0865312,-0.289286,1.052,-1,1,0.0672393,-0.0430914,1.19072,0.214994,0.48413,1.396,0.375163,0.645772,0.926222,0.66981,0.524819,0.425643,0.522486,0.585296,0.675932,0.031891,1.00872,1.02731,1.04071,0.000233358,4.51564e-05,4.26773e-06
473,0.00656608,0.9741,-0.226022,-0.520143,-0.257115,-0.274869,1.113,0.0865312,-0.289286,1.052,-1,1,0.0224829,-0.0668614,1.20858,0.214994,0.48413,1.396,0.381133,0.685755,0.924183,0.602692,0.595921,0.42284,0.491912,0.640838,0.673512,0.0339213,1.03023,1.04848,1.06652,0.000144115,2.31881e-05,2.70074e-06
475,0.00656608,0.9741,-0.226022,-0.520143,-0.257115,-0.274869,1.113,0.0865312,-0.289286,1.052,-1,1,-0.0283731,-0.0546049,1.21403,0.214994,0.48413,1.396,0.377088,0.736858,0.917135,0.522387,0.669659,0.408915,0.449738,0.703258,0.663025,0.0356713,1.00974,1.07715,1.10473,0.000226466,2.03935e-05,2.7051e-06
477,0.00656608,0.9741,-0.226022,-0.520143,-0.257115,-0.274869,1.113,0.0865312,-0.289286,1.052,-1,1,-0.0598675,-0.0494563,1.21698,0.214994,0.48413,1.396,0.361727,0.7888,0.906196,0.44717,0.718431,0.391066,0.404449,0.753616,0.648631,0.0373264,1.00446,1.04944,1.1326,0.000242604,3.4769e-05,3.19527e-06
480,0.00656608,0.9741,-0.226022,-0.520143,-0.257115,-0.274869,1.113,0.0865312,-0.289286,1.052,-1,1,-0.0846062,-0.0195182,1.20459,0.214994,0.48413,1.396,0.348377,0.827554,0.885728,0.41457,0.707658,0.355854,0.381473,0.767606,0.620791,0.0386484,1.00081,1.01231,1.08746,0.000310089,3.49485e-05,5.59155e-06
482,0.00656608,0.9741,-0.226022,-0.520143,-0.257115,-0.274869,1.113,0.0865312,-0.289286,1.052,-1,1,-0.087461,0.00412422,1.18594,0.218372,0.488667,1.402,0.329708,0.85016,0.858957,0.406243,0.671861,0.320016,0.367975,0.761011,0.589487,0.0364303,1.00549,1.001,1.02629,0.000282044,3.4272e-05,1.08929e-05
485,0.00656608,0.9741,-0.226022,-0.520143,-0.257115,-0.274869,1.113,0.0865312,-0.289286,1.052,-1,1,-0.0723517,0.0351966,1.15417,0.218372,0.488667,1.402,0.33757,0.848719,0.828928,0.448537,0.587829,0.269756,0.393054,0.718274,0.549342,0.0331457,1.04934,1.03368,1.00339,0.000254659,3.65152e-05,2.95598e-06
487,0.00656608,0.9741,-0.226022,-0.520143,-0.257115,-0.274869,1.113,0.0865312,-0.289286,1.052,-1,1,-0.0524182,0.0515365,1.1333,0.218372,0.488667,1.402,0.352286,0.831946,0.807525,0.517381,0.473717,0.251188,0.434833,0.652831,0.529357,0.0297923,1.03582,1.13032,1.06399,0.000287808,1.97246e-05,1.32286e-06
489,0.00656608,0.9741,-0.226022,-0.520143,-0.257115,-0.274869,1.113,0.0865312,-0.289286,1.052,-1,1,-0.029157,0.0593928,1.11608,0.218372,0.488667,1.402,0.372293,0.802255,0.791995,0.585964,0.346245,0.297182,0.479129,0.57425,0.544588,0.0291091,1.01971,1.15729,1.22652,0.000280345,2.50975e-05,1.93873e-06
491,0.00656608,0.9741,-0.226022,-0.520143,-0.257115,-0.274869,1.113,0.0865312,-0.289286,1.052,-1,1,-0.00539868,0.0699535,1.10548,0.218372,0.488667,1.402,0.393587,0.764937,0.784496,0.6116,0.26754,0.362906,0.502594,0.516239,0.573701,0.0294881,1.01475,1.09608,1.32443,0.000322033,3.55683e-05,3.24701e-06
493,0.00656608,0.9741,-0.226022,-0.520143,-0.257115,-0.274869,1.113,0.0865312,-0.289286,1.052,-1,1,0.0166136,0.0798368,1.09125,0.219151,0.490409,1.407,0.406771,0.722753,0.779449,0.607375,0.230081,0.403451,0.507073,0.476417,0.59145,0.0311066,1.00409,1.04974,1.24401,0.000305814,3.40474e-05,2.3356e-06
495,0.00656608,0.9741,-0.226022,-0.520143,-0.257115,-0.274869,1.113,0.0865312,-0.289286,1.052,-1,1,0.0307097,0.0961417,1.0811,0.219151,0.490409,1.407,0.424443,0.682027,0.773512,0.600679,0.211959,0.424039,0.512561,0.446993,0.598776,0.0303532,1.0017,1.02032,1.11838,0.000263113,3.51313e-05,4.41682e-06
497,0.00656608,0.9741,-0.226022,-0.520143,-0.257115,-0.274869,1.113,0.0865312,-0.289286,1.052,-1,1,0.0350404,0.115318,1.07172,0.219151,0.490409,1.407,0.441207,0.642121,0.761431,0.597985,0.195339,0.415279,0.519596,0.41873,0.588355,0.0283055,1.00097,1.00416,1.04232,0.000223119,3.54155e-05,3.1958e-06
500,0.00656608,0.9741,-0.226022,-0.520143,-0.257115,-0.274869,1.113,0.0865312,-0.289286,1.052,-1,1,0.0315694,0.148415,1.06658,0.219151,0.490409,1.407,0.462177,0.599892,0.735669,0.615872,0.157816,0.365593,0.539025,0.378854,0.550631,0.0255593,1.0126,1.00592,1.00813,0.000150879,1.486e-05,3.07441e-06
502,0.00656608,0.9741,-0.226022,-0.520143,-0.257115,-0.274869,1.113,0.0865312,-0.289286,1.052,-1,1,0.00934268,0.177159,1.06368,0.219151,0.490409,1.407,0.482381,0.562292,0.69848,0.637523,0.123488,0.273016,0.559952,0.34289,0.485748,0.023942,1.0235,1.04136,1.0141,0.000205516,3.60387e-05,4.71004e-06
504,0.00656608,0.9741,-0.226022,-0.520143,-0.257115,-0.274869,1.113,0.0865312,-0.289286,1.052,-1,1,-0.0102849,0.169571,1.05965,0.216688,0.495338,1.407,0.489358,0.538999,0.664059,0.636621,0.162332,0.171916,0.56299,0.350665,0.417988,0.0222307,1.02065,1.07763,1.06807,9.88992e-05,3.18376e-05,2.40176e-06
506,0.00656608,0.9741,-0.226022,-0.520143,-0.257115,-0.274869,1.113,0.0865312,-0.289286,1.052,-1,1,-0.0401373,0.164658,1.06309,0.216688,0.495338,1.407,0.491582,0.530931,0.634003,0.586722,0.273398,0.11662,0.539152,0.402164,0.375311,0.0210043,1.03402,1.10365,1.16049,1.65898e-05,9.11162e-06,8.36187e-07
508,0.00656608,0.9741,-0.226022,-0.520143,-0.257115,-0.274869,1.113,0.0865312,-0.289286,1.052,-1,1,-0.0712266,0.193471,1.08816,0.216688,0.495338,1.407,0.497212,0.525937,0.596339,0.534937,0.382424,0.162729,0.516075,0.454181,0.379534,0.0221325,1.01374,1.10291,1.2353,2.32101e-05,1.60142e-05,7.58245e-07
510,0.00656608,0.9741,-0.226022,-0.520143,-0.257115,-0.274869,1.113,0.0865312,-0.289286,1.052,-1,1,-0.093658,0.172389,1.09817,0.216688,0.495338,1.407,0.488478,0.540312,0.575358,0.476821,0.481009,0.25078,0.48265,0.51066,0.413069,0.0242988,1.02621,1.07216,1.2505,0.000211754,3.72145e-05,3.41061e-06
512,0.00656608,0.9741,-0.226022,-0.520143,-0.257115,-0.274869,1.113,0.0865312,-0.289286,1.052,-1,1,-0.116784,0.155735,1.10998,0.216688,0.495338,1.407,0.470667,0.568719,0.568215,0.429766,0.560851,0.327661,0.450217,0.564785,0.447938,0.0266897,1.01616,1.07182,1.19806,0.00016733,5.42447e-05,1.61245e-06
515,0.00656608,0.9741,-0.226022,-0.520143,-0.257115,-0.274869,1.113,0.0865312,-0.289286,1.052,-1,1,-0.155016,0.116767,1.12987,0.216688,0.495338,1.407,0.445268,0.609288,0.565921,0.368184,0.647004,0.412682,0.406726,0.628146,0.489301,0.0291148,1.0043,1.06091,1.15833,0.000108134,1.64161e-05,1.44843e-06
517,0.00656608,0.9741,-0.226022,-0.520143,-0.257115,-0.274869,1.113,0.0865312,-0.289286,1.052,-1,1,-0.188386,0.116435,1.15831,0.209301,0.492874,1.407,0.432711,0.645531,0.555822,0.353497,0.664127,0.434991,0.393104,0.654829,0.495407,0.032536,1.00194,1.01677,1.09356,0.000255583,1.87037e-05,2.63304e-06
519,0.00656608,0.9741,-0.226022,-0.520143,-0.257115,-0.274869,1.113,0.0865312,-0.289286,1.052,-1,1,-0.221151,0.112333,1.17673,0.209301,0.492874,1.407,0.398534,0.68949,0.551633,0.332769,0.66632,0.439464,0.365652,0.677905,0.495549,0.0362727,1.00373,1.00384,1.0475,0.000262135,1.42645e-05,2.3188e-06
522,0.00656608,0.9741,-0.226022,-0.520143,-0.257115,-0.274869,1.113,0.0865312,-0.289286,1.052,-1,1,-0.269296,0.125326,1.20331,0.209301,0.492874,1.407,0.366288,0.716917,0.524796,0.325566,0.623704,0.404202,0.345927,0.67031,0.464499,0.0389881,1.00553,1.00021,1.00862,0.000263657,1.5649e-05,3.33329e-06
524,0.00656608,0.9741,-0.226022,-0.520143,-0.257115,-0.274869,1.113,0.0865312,-0.289286,1.052,-1,1,-0.294845,0.152085,1.20663,0.209301,0.492874,1.407,0.338564,0.721604,0.480533,0.316159,0.566976,0.356489,0.327362,0.64429,0.418511,0.0403185,1.00565,1.00676,1.00048,0.000226986,1.42424e-05,5.33747e-06
526,0.00656608,0.9741,-0.226022,-0.520143,-0.257115,-0.274869,1.113,0.0865312,-0.289286,1.052,-1,1,-0.309239,0.187914,1.2012,0.209301,0.492874,1.407,0.324624,0.693318,0.421741,0.343665,0.461877,0.263854,0.334145,0.577597,0.342798,0.0397925,1.02232,1.03341,1.01822,0.00018814,2.63124e-05,3.61143e-06
528,0.00656608,0.9741,-0.226022,-0.520143,-0.257115,-0.274869,1.113,0.0865312,-0.289286,1.052,-1,1,-0.308994,0.22112,1.1836,0.211011,0.491122,1.402,0.318625,0.6514,0.367764,0.37492,0.355594,0.163972,0.346772,0.503497,0.265868,0.0365694,1.01656,1.06181,1.05677,0.000164212,2.96504e-05,2.76726e-06
530,0.00656608,0.9741,-0.226022,-0.520143,-0.257115,-0.274869,1.113,0.0865312,-0.289286,1.052,-1,1,-0.292826,0.251216,1.16113,0.211011,0.491122,1.402,0.321093,0.598349,0.32156,0.432427,0.235667,0.0522397,0.37676,0.417008,0.1869,0.0335315,1.02669,1.08446,1.13282,0.00024076,2.57759e-05,6.89524e-06
533,0.00656608,0.9741,-0.226022,-0.520143,-0.257115,-0.274869,1.113,0.0865312,-0.289286,1.052,-1,1,-0.253973,0.276755,1.12718,0.211011,0.491122,1.402,0.338489,0.545954,0.293992,0.504639,0.142333,0.130246,0.421564,0.344144,0.212119,0.0325959,1.05689,1.13652,1.22688,0.000189699,1.39558e-05,3.70203e-06
535,0.00656608,0.9741,-0.226022,-0.520143,-0.257115,-0.274869,1.113,0.0865312,-0.289286,1.052,-1,1,-0.222508,0.286947,1.10702,0.211011,0.491122,1.402,0.363536,0.500919,0.279872,0.575177,0.162547,0.27086,0.469357,0.331733,0.275366,0.0339895,1.01614,1.1639,1.3352,0.000147129,1.57733e-05,3.38704e-06
537,0.00656608,0.9741,-0.226022,-0.520143,-0.257115,-0.274869,1.113,0.0865312,-0.289286,1.052,-1,1,-0.189397,0.293685,1.09086,0.211011,0.491122,1.402,0.393858,0.46519,0.277655,0.614411,0.242389,0.383786,0.504135,0.353789,0.330721,0.0364672,1.01104,1.09072,1.33909,0.00010358,7.88201e-06,4.46934e-06
540,0.00656608,0.9741,-0.226022,-0.520143,-0.257115,-0.274869,1.113,0.0865312,-0.289286,1.052,-1,1,-0.147356,0.284993,1.07706,0.211011,0.491122,1.402,0.428259,0.44082,0.288147,0.630207,0.303152,0.460863,0.529233,0.371986,0.374505,0.0387122,1.01098,1.04964,1.22654,5.62812e-05,1.14006e-05,2.9531e-06
542,0.00656608,0.9741,-0.226022,-0.520143,-0.257115,-0.274869,1.113,0.0865312,-0.289286,1.052,-1,1,-0.128972,0.268531,1.07355,0.211011,0.491122,1.402,0.457751,0.428752,0.307506,0.629857,0.355974,0.52524,0.543804,0.392363,0.416373,0.0389788,1.00741,1.03963,1.13647,4.81473e-05,1.18067e-05,9.90219e-07
544,0.00656608,0.9741,-0.226022,-0.520143,-0.257115,-0.274869,1.113,0.0865312,-0.289286,1.052,-1,1,-0.122091,0.240637,1.07381,0.211011,0.491122,1.402,0.475687,0.433775,0.335386,0.618643,0.416853,0.596589,0.547165,0.425314,0.465988,0.0358158,1.01595,1.0377,1.09581,0.000136179,2.522e-05,1.38343e-06
546,0.00656608,0.9741,-0.226022,-0.520143,-0.257115,-0.274869,1.113,0.0865312,-0.289286,1.052,-1,1,-0.120933,0.223664,1.08727,0.211011,0.491122,1.402,0.487078,0.448647,0.367178,0.597591,0.49077,0.681184,0.542335,0.469709,0.524181,0.0303116,1.01521,1.05135,1.09058,5.37206e-05,2.77688e-05,1.18584e-06
549,0.00656608,0.9741,-0.226022,-0.520143,-0.257115,-0.274869,1.113,0.0865312,-0.289286,1.052,-1,1,-0.141986,0.178458,1.09992,0.211011,0.491122,1.402,0.481319,0.485861,0.409024,0.536492,0.62583,0.829103,0.508905,0.555846,0.619063,0.0262005,1.05784,1.10065,1.14157,0.000261651,3.1258e-05,4.43625e-06
551,0.00656608,0.9741,-0.226022,-0.520143,-0.257115,-0.274869,1.113,0.0865312,-0.289286,1.052,-1,1,-0.168708,0.157397,1.13223,0.213465,0.491122,1.402,0.462213,0.535083,0.446067,0.45338,0.795879,0.93331,0.457797,0.665481,0.689689,0.0257908,1.05167,1.20251,1.27471,4.08385e-05,1.33077e-05,1.03176e-06
553,0.00656608,0.9741,-0.226022,-0.520143,-0.257115,-0.274869,1.113,0.0865312,-0.289286,1.052,-1,1,-0.190746,0.136896,1.15507,0.213465,0.491122,1.402,0.438801,0.590112,0.476983,0.377691,0.877202,0.769703,0.408246,0.733657,0.623343,0.0288181,1.00894,1.16758,1.44146,0.000115411,1.84876e-05,1.48383e-06
556,0.00656608,0.9741,-0.226022,-0.520143,-0.257115,-0.274869,1.113,0.0865312,-0.289286,1.052,-1,1,-0.21132,0.118643,1.18186,0.213465,0.491122,1.402,0.413032,0.64244,0.496138,0.351539,0.806489,0.64159,0.382285,0.724465,0.568864,0.0328761,1.00481,1.0559,1.3353,0.000246897,3.09086e-05,3.85332e-06
558,0.00656608,0.9741,-0.226022,-0.520143,-0.257115,-0.274869,1.113,0.0865312,-0.289286,1.052,-1,1,-0.217083,0.0966955,1.2116,0.213465,0.491122,1.402,0.384311,0.693053,0.509843,0.340054,0.743947,0.570229,0.362182,0.7185,0.540036,0.0369701,1.00024,1.01363,1.13097,0.000243976,2.29748e-05,5.49165e-06
560,0.00656608,0.9741,-0.226022,-0.520143,-0.257115,-0.274869,1.113,0.0865312,-0.289286,1.052,-1,1,-0.207754,0.0724124,1.22105,0.213465,0.491122,1.402,0.363635,0.729332,0.518376,0.343928,0.695615,0.529861,0.353782,0.712474,0.524118,0.0374504,1.00205,1.00293,1.03712,0.000259682,2.68269e-05,4.70582e-06
563,0.00656608,0.9741,-0.226022,-0.520143,-0.257115,-0.274869,1.113,0.0865312,-0.289286,1.052,-1,1,-0.18085,0.0510798,1.22388,0.218372,0.488667,1.402,0.34659,0.760765,0.537649,0.353388,0.683192,0.538506,0.349989,0.721978,0.538078,0.0344567,1.01367,1.00758,1.00495,0.000247643,3.12139e-05,1.02837e-05
565,0.00656608,0.9741,-0.226022,-0.520143,-0.257115,-0.274869,1.113,0.0865312,-0.289286,1.052,-1,1,-0.152134,0.0454521,1.19619,0.218372,0.488667,1.402,0.340075,0.785905,0.567743,0.377504,0.69755,0.601856,0.35879,0.741727,0.584799,0.0281494,1.03618,1.04381,1.01648,0.000272109,3.49451e-05,3.86826e-06
567,0.00656608,0.9741,-0.226022,-0.520143,-0.257115,-0.274869,1.113,0.0865312,-0.289286,1.052,-1,1,-0.129044,0.0535572,1.17498,0.218372,0.488667,1.402,0.34248,0.802011,0.605402,0.426049,0.710218,0.748484,0.384264,0.756114,0.676943,0.0235645,1.05908,1.14627,1.09637,0.00026967,1.85389e-05,2.09695e-06
570,0.00656608,0.9741,-0.226022,-0.520143,-0.257115,-0.274869,1.113,0.0865312,-0.289286,1.052,-1,1,-0.0899561,0.0925656,1.14319,0.218372,0.488667,1.402,0.359948,0.797807,0.641789,0.528966,0.592485,0.859943,0.444457,0.695146,0.750866,0.0238001,1.07085,1.30998,1.36864,4.07154e-05,2.83936e-05,1.76761e-06
572,0.00656608,0.9741,-0.226022,-0.520143,-0.257115,-0.274869,1.113,0.0865312,-0.289286,1.052,-1,1,-0.0646777,0.105001,1.12276,0.218372,0.488667,1.402,0.383904,0.777795,0.670568,0.590731,0.447453,0.717921,0.487317,0.612624,0.694245,0.0284119,1.00715,1.2016,1.68796,5.19619e-05,1.8334e-05,2.06245e-06
574,0.00656608,0.9741,-0.226022,-0.520143,-0.257115,-0.274869,1.113,0.0865312,-0.289286,1.052,-1,1,-0.0328851,0.0786226,1.10238,0.219151,0.487945,1.407,0.398019,0.753812,0.698956,0.586331,0.371443,0.626547,0.492175,0.562628,0.662752,0.0342982,1.00112,1.03724,1.3959,6.18349e-05,1.78204e-05,1.20885e-06
576,0.00656608,0.9741,-0.226022,-0.520143,-0.257115,-0.274869,1.113,0.0865312,-0.289286,1.052,-1,1,-0.0107209,0.0789741,1.10003,0.219151,0.487945,1.407,0.416139,0.72215,0.716498,0.576051,0.331345,0.580009,0.496095,0.526747,0.648253,0.0362875,1.00131,1.00179,1.09501,6.69877e-05,2.35505e-05,3.32506e-06
578,0.00656608,0.9741,-0.226022,-0.520143,-0.257115,-0.274869,1.113,0.0865312,-0.289286,1.052,-1,1,0.00462541,0.0845174,1.10391,0.219151,0.487945,1.407,0.433885,0.68803,0.727311,0.567779,0.307384,0.555476,0.500832,0.497707,0.641393,0.0348143,1.00142,1.00137,1.01152,0.000285533,3.58615e-05,3.46678e-06
581,0.00656608,0.9741,-0.226022,-0.520143,-0.257115,-0.274869,1.113,0.0865312,-0.289286,1.052,-1,1,0.0137303,0.0576346,1.11232,0.219151,0.487945,1.407,0.435439,0.678099,0.751918,0.557143,0.312565,0.576783,0.496291,0.495332,0.664351,0.029498,1.03815,1.01101,1.00203,0.000288057,2.71092e-05,6.12586e-06
583,0.00656608,0.9741,-0.226022,-0.520143,-0.257115,-0.274869,1.113,0.0865312,-0.289286,1.052,-1,1,0.00964445,0.0289977,1.13421,0.219151,0.487945,1.407,0.428463,0.685334,0.783615,0.514741,0.380335,0.665657,0.471602,0.532834,0.724636,0.025008,1.04727,1.09495,1.03533,0.000291907,2.74619e-05,2.57778e-06
585,0.00656608,0.9741,-0.226022,-0.520143,-0.257115,-0.274869,1.113,0.0865312,-0.289286,1.052,-1,1,-0.00115136,0.00209633,1.15321,0.218372,0.4813,1.402,0.435563,0.700661,0.808013,0.445683,0.516565,0.786267,0.440623,0.608613,0.79714,0.0211862,1.04172,1.19716,1.16485,0.0002853,3.14748e-05,2.3123e-06
587,0.00656608,0.9741,-0.226022,-0.520143,-0.257115,-0.274869,1.113,0.0865312,-0.289286,1.052,-1,1,-0.0172665,-0.0197603,1.17497,0.218372,0.4813,1.402,0.420249,0.729366,0.832617,0.395909,0.628822,0.768665,0.408079,0.679094,0.800641,0.0218825,1.01905,1.16652,1.37854,0.000289415,3.4574e-05,5.12185e-06
590,0.00656608,0.9741,-0.226022,-0.520143,-0.257115,-0.274869,1.113,0.0865312,-0.289286,1.052,-1,1,-0.0456167,-0.0421855,1.20703,0.218372,0.4813,1.402,0.394133,0.772243,0.855621,0.361367,0.691046,0.66876,0.37775,0.731645,0.762191,0.0261492,1.00753,1.08469,1.43608,0.000256302,4.05418e-05,4.47175e-06
593,0.00656608,0.9741,-0.226022,-0.520143,-0.257115,-0.274869,1.113,0.0865312,-0.289286,1.052,-1,1,-0.0571417,-0.0577241,1.22719,0.218372,0.4813,1.402,0.368067,0.811333,0.866818,0.338471,0.702009,0.589494,0.353269,0.756671,0.728156,0.0315065,1.00268,1.02841,1.1998,0.000276528,2.98887e-05,4.03166e-06
595,0.00656608,0.9741,-0.226022,-0.520143,-0.257115,-0.274869,1.113,0.0865312,-0.289286,1.052,-1,1,-0.0548658,-0.0679745,1.247,0.218372,0.4813,1.402,0.345844,0.839348,0.868951,0.331843,0.681084,0.526271,0.338843,0.760216,0.697611,0.0340402,1.00063,1.0084,1.07071,0.000265693,2.63128e-05,3.39812e-06
598,0.00656608,0.9741,-0.226022,-0.520143,-0.257115,-0.274869,1.113,0.0865312,-0.289286,1.052,-1,1,-0.0353411,-0.082703,1.25367,0.218372,0.4813,1.402,0.328315,0.855116,0.869244,0.337376,0.640759,0.483734,0.332845,0.747938,0.676489,0.0317019,1.00299,1.00195,1.01534,0.000223402,3.67647e-05,1.08786e-05
600,0.00656608,0.9741,-0.226022,-0.520143,-0.257115,-0.274869,1.113,0.0865312,-0.289286,1.052,-1,1,-0.0125968,-0.092609,1.25177,0.218372,0.4813,1.402,0.316028,0.860281,0.872503,0.345635,0.592339,0.475624,0.330831,0.72631,0.674063,0.0269288,1.01148,1.01009,1.00247,0.000243636,1.047e-05,3.68197e-06
603,0.00656608,0.9741,-0.226022,-0.520143,-0.257115,-0.274869,1.113,0.0865312,-0.289286,1.052,-1,1,0.0280726,-0.103201,1.23568,0.218372,0.4813,1.402,0.310906,0.852982,0.887539,0.364538,0.517423,0.538747,0.337722,0.685203,0.713143,0.0227778,1.09738,1.07936,1.03243,0.000239202,2.93316e-05,2.93471e-06
605,0.00656608,0.9741,-0.226022,-0.520143,-0.257115,-0.274869,1.113,0.0865312,-0.289286,1.052,-1,1,0.0546026,-0.0912997,1.21721,0.218372,0.4813,1.402,0.313534,0.834991,0.905465,0.429416,0.398036,0.637366,0.371475,0.616513,0.771416,0.0215288,1.03815,1.26065,1.18398,5.83984e-05,2.12275e-05,5.52066e-06
608,0.00656608,0.9741,-0.226022,-0.520143,-0.257115,-0.274869,1.113,0.0865312,-0.289286,1.052,-1,1,0.101634,-0.0986702,1.204,0.218372,0.4813,1.402,0.317233,0.805924,0.927551,0.484994,0.315133,0.664469,0.401114,0.560529,0.79601,0.0254767,1.005,1.16333,1.44983,3.75125e-05,2.96085e-05,2.80968e-06
610,0.00656608,0.9741,-0.226022,-0.520143,-0.257115,-0.274869,1.113,0.0865312,-0.289286,1.052,-1,1,0.12314,-0.120061,1.21053,0.221368,0.469876,1.39,0.336849,0.772316,0.945095,0.494586,0.283475,0.635117,0.415717,0.527895,0.790106,0.0300484,1.00017,1.02276,1.29772,0.000344687,3.12198e-05,8.00593e-06
613,0.00656608,0.9741,-0.226022,-0.520143,-0.257115,-0.274869,1.113,0.0865312,-0.289286,1.052,-1,1,0.153885,-0.135871,1.21404,0.221368,0.469876,1.39,0.333278,0.731665,0.95734,0.475856,0.265189,0.597981,0.404567,0.498427,0.77766,0.0339813,1.00029,1.00028,1.07214,0.000290768,2.3859e-05,8.86396e-06
615,0.00656608,0.9741,-0.226022,-0.520143,-0.257115,-0.274869,1.113,0.0865312,-0.289286,1.052,-1,1,0.168616,-0.148799,1.23041,0.221368,0.469876,1.39,0.32757,0.692612,0.961725,0.455643,0.246989,0.554253,0.391606,0.469801,0.757989,0.0328262,1.00448,1.00261,1.00238,0.000241805,7.0365e-05,1.14121e-05
618,0.00656608,0.9741,-0.226022,-0.520143,-0.257115,-0.274869,1.113,0.0865312,-0.289286,1.052,-1,1,0.171741,-0.167349,1.23253,0.221368,0.469876,1.39,0.311882,0.660998,0.964905,0.420321,0.243604,0.51755,0.366102,0.452301,0.741228,0.0309631,1.01129,1.01412,1.00532,0.000240163,5.0491e-05,6.92984e-06
620,0.00656608,0.9741,-0.226022,-0.520143,-0.257115,-0.274869,1.113,0.0865312,-0.289286,1.052,-1,1,0.17246,-0.178459,1.23924,0.221368,0.469876,1.39,0.294303,0.641925,0.965737,0.37377,0.266499,0.488464,0.334036,0.454212,0.7271,0.0267137,1.01408,1.03554,1.02942,0.000257094,8.55255e-05,5.1902e-06
623,0.00656608,0.9741,-0.226022,-0.520143,-0.257115,-0.274869,1.113,0.0865312,-0.289286,1.052,-1,1,0.169538,-0.189394,1.23939,0.21479,0.461327,1.379,0.294731,0.629511,0.966118,0.31577,0.313925,0.479872,0.305251,0.471718,0.722995,0.0227422,1.00208,1.03626,1.05281,0.000239512,6.72435e-05,1.04276e-05
625,0.00656608,0.9741,-0.226022,-0.520143,-0.257115,-0.274869,1.113,0.0865312,-0.289286,1.052,-1,1,0.169746,-0.197003,1.23919,0.21479,0.461327,1.379,0.279621,0.626661,0.967087,0.267763,0.372019,0.480131,0.273692,0.49934,0.723609,0.0179076,1.01255,1.0236,1.06775,0.000239383,3.00382e-05,1.09083e-05
627,0.00656608,0.9741,-0.226022,-0.520143,-0.257115,-0.274869,1.113,0.0865312,-0.289286,1.052,-1,1,0.17133,-0.201789,1.24733,0.21479,0.461327,1.379,0.266314,0.62807,0.968671,0.219572,0.429752,0.500091,0.242943,0.528911,0.734381,0.0141299,1.00513,1.02733,1.05792,0.000258717,7.93105e-05,1.72788e-05
629,0.00656608,0.9741,-0.226022,-0.520143,-0.257115,-0.274869,1.113,0.0865312,-0.289286,1.052,-1,1,0.171865,-0.201494,1.24774,0.21479,0.461327,1.379,0.258125,0.628819,0.969005,0.191428,0.485199,0.514634,0.224776,0.557009,0.741819,0.0107368,1.0017,1.01777,1.04932,0.000243811,8.01602e-05,1.46345e-05
632,0.00656608,0.9741,-0.226022,-0.520143,-0.257115,-0.274869,1.113,0.0865312,-0.289286,1.052,-1,1,0.171865,-0.201582,1.24775,0.21479,0.461327,1.379,0.252542,0.629637,0.969393,0.17847,0.512838,0.524087,0.215506,0.571238,0.74674,0.00784795,1.00062,1.003,1.02833,0.000253002,9.13863e-05,1.7668e-05
634,0.00656608,0.9741,-0.226022,-0.520143,-0.257115,-0.274869,1.113,0.0865312,-0.289286,1.052,-1,1,0.172029,-0.201741,1.24757,0.209912,0.467911,1.363,0.24562,0.628611,0.968936,0.193696,0.500512,0.496516,0.219658,0.564562,0.732726,0.00513641,1.01069,1.00081,1.00884,0.000234669,9.32611e-05,1.51528e-05
636,0.00656608,0.9741,-0.226022,-0.520143,-0.257115,-0.274869,1.113,0.0865312,-0.289286,1.052,-1,1,0.171718,-0.201871,1.24941,0.209912,0.467911,1.363,0.244857,0.62705,0.967769,0.245041,0.466344,0.441033,0.244949,0.546697,0.704401,0.00341021,1.03589,1.02238,1.0044,0.000226766,0.000103076,1.15756e-05
639,0.00656608,0.9741,-0.226022,-0.520143,-0.257115,-0.274869,1.113,0.0865312,-0.289286,1.052,-1,1,0.170542,-0.201693,1.25076,0.209912,0.467911,1.363,0.24502,0.626938,0.967352,0.346551,0.41709,0.34087,0.24502,0.626938,0.967352,0.00200165,1.03467,1.06457,1.02478,0.00021045,0.000117582,1.16997e-05
641,0.00656608,0.9741,-0.226022,-0.520143,-0.257115,-0.274869,1.113,0.0865312,-0.289286,1.052,-1,1,0.169856,-0.201868,1.25155,0.209912,0.467911,1.363,0.24506,0.627249,0.966978,0.461478,0.436213,0.256588,0.24506,0.627249,0.966978,0.0012885,1.00997,1.0731,1.05833,0.000221174,0.000123611,1.22121e-05
644,0.00656608,0.9741,-0.226022,-0.520143,-0.257115,-0.274869,1.113,0.0865312,-0.289286,1.052,-1,1,0.169744,-0.201451,1.25115,0.209912,0.467911,1.363,0.24521,0.627613,0.966632,0.536442,0.539223,0.288362,0.24521,0.627613,0.966632,0.000790247,1.00243,1.0538,1.09306,0.000220494,8.73186e-05,1.42142e-05
647,0.00656608,0.9741,-0.226022,-0.520143,-0.257115,-0.274869,1.113,0.0865312,-0.289286,1.052,-1,1,0.169548,-0.202153,1.25107,0.26239,0.470298,1.363,0.235723,0.628127,0.966324,0.505624,0.578365,0.326862,0.235723,0.628127,0.966324,0.000842735,1.00253,1.00603,1.09125,0.000258983,4.98607e-05,1.64766e-05
649,0.00656608,0.9741,-0.226022,-0.520143,-0.257115,-0.274869,1.113,0.0865312,-0.289286,1.052,-1,1,0.169397,-0.202148,1.25141,0.26239,0.470298,1.363,0.235658,0.628746,0.9662,0.499198,0.61177,0.356197,0.235658,0.628746,0.9662,0.000759781,1.00706,1.00541,1.05165,0.000249226,8.5722e-05,1.51747e-05
651,0.00656608,0.9741,-0.226022,-0.520143,-0.257115,-0.274869,1.113,0.0865312,-0.289286,1.052,-1,1,0.16859,-0.202175,1.25124,0.26239,0.470298,1.363,0.235492,0.629422,0.966274,0.461916,0.673221,0.419566,0.235492,0.629422,0.966274,0.000630001,1.02905,1.02632,1.02298,0.000256831,8.91508e-05,1.39716e-05
653,0.00656608,0.9741,-0.226022,-0.520143,-0.257115,-0.274869,1.113,0.0865312,-0.289286,1.052,-1,0,0.169171,-0.201995,1.25138,0.26239,0.470298,1.363,0.23543,0.629696,0.966344,0.432884,0.764399,0.506512,0.23543,0.629696,0.966344,0.000390829,1.02211,1.05555,1.03759,0.000227134,7.9575e-05,1.4039e-05
656,0.00656608,0.9741,-0.226022,-0.520143,-0.257115,-0.274869,1.113,0.0865312,-0.289286,1.052,-1,0,0.169562,-0.201927,1.2514,0.26239,0.470298,1.363,0.235316,0.629761,0.966348,0.355192,0.830737,0.597284,0.235316,0.629761,0.966348,0.000223594,1.21411,1.02623,1.04977,0.000257428,7.69695e-05,1.51989e-05
658,0.00656608,0.9741,-0.226022,-0.520143,-0.257115,-0.274869,1.113,0.0865312,-0.289286,1.052,-1,0,0.168619,-0.202029,1.25143,0.472138,0.474826,1.316,0.170877,0.630045,0.966344,0.299252,0.823678,0.572553,0.170877,0.630045,0.966344,0.000152857,1.19352,1.01614,1.0171,0.000254238,8.15423e-05,1.40958e-05
660,0.00656608,0.9741,-0.226022,-0.520143,-0.257115,-0.274869,1.113,0.0865312,-0.289286,1.052,-1,0,0.170541,-0.201914,1.25259,0.472138,0.474826,1.316,0.171035,0.629482,0.966103,0.510809,0.39941,0.184693,0.171035,0.629482,0.966103,0.000215506,1.66871,1.50248,1.13074,0.000237951,7.93468e-05,1.35207e-05
662,0.00656608,0.9741,-0.226022,-0.520143,-0.257115,-0.274869,1.113,0.0865312,-0.289286,1.052,-1,0,0.170651,-0.202111,1.25211,0.472138,0.474826,1.316,0.171233,0.628636,0.965862,0.650028,0.157589,0.138097,0.171233,0.628636,0.965862,0.000326695,1.02137,1.5155,2.07279,0.000233677,6.90037e-05,1.2795e-05
664,0.00656608,0.9741,-0.226022,-0.520143,-0.257115,-0.274869,1.113,0.0865312,-0.289286,1.052,-1,0,0.170409,-0.202351,1.25091,0.472138,0.474826,1.316,0.171261,0.628267,0.965877,0.631132,0.0557325,0.287858,0.171261,0.628267,0.965877,0.000351029,1.08151,1.22859,1.96397,0.000258849,4.97332e-05,1.51905e-05
667,0.00656608,0.9741,-0.226022,-0.520143,-0.257115,-0.274869,1.113,0.0865312,-0.289286,1.052,-1,0,0.169868,-0.20219,1.25118,0.472138,0.474826,1.316,0.171234,0.628199,0.965906,0.585897,0.130395,0.390329,0.171234,0.628199,0.965906,0.000271307,1.01684,1.13457,1.30032,0.000241295,6.68184e-05,1.45156e-05
669,0.00656608,0.9741,-0.226022,-0.520143,-0.257115,-0.274869,1.113,0.0865312,-0.289286,1.052,-1,0,0.168692,-0.202059,1.25031,0.472138,0.474826,1.316,0.171214,0.628305,0.966057,0.488393,0.388331,0.660285,0.171214,0.628305,0.966057,0.000196951,1.11081,1.23928,1.4836,0.00026033,7.52638e-05,1.51388e-05
671,0.00656608,0.9741,-0.226022,-0.520143,-0.257115,-0.274869,1.113,0.0865312,-0.289286,1.052,-1,0,0.169787,-0.201659,1.25099,0.472138,0.474826,1.316,0.171171,0.628747,0.966305,0.452159,0.638699,0.855321,0.171171,0.628747,0.966305,0.000224779,1.03438,1.30313,1.78921,0.000249862,7.70908e-05,1.3011e-05
673,0.00656608,0.9741,-0.226022,-0.520143,-0.257115,-0.274869,1.113,0.0865312,-0.289286,1.052,-1,0,0.169477,-0.20201,1.25068,0.472138,0.474826,1.316,0.171067,0.629329,0.966561,0.442279,0.724161,0.854588,0.171067,0.629329,0.966561,0.000317303,1.00873,1.08537,1.88902,0.000268338,6.50466e-05,1.42371e-05
675,0.00656608,0.9741,-0.226022,-0.520143,-0.257115,-0.274869,1.113,0.0865312,-0.289286,1.052,-1,0,0.169346,-0.202085,1.25034,0.472138,0.474826,1.316,0.171018,0.629762,0.966683,0.434276,0.798051,0.810877,0.171018,0.629762,0.966683,0.000324923,1.02123,1.04597,1.29621,0.000246957,6.9103e-05,1.35955e-05
678,0.00656608,0.9741,-0.226022,-0.520143,-0.257115,-0.274869,1.113,0.0865312,-0.289286,1.052,-1,0,0.169612,-0.201519,1.25179,0.472138,0.474826,1.316,0.171132,0.629742,0.966575,0.479755,0.826536,0.687254,0.171132,0.629742,0.966575,0.000268474,1.34621,1.13608,1.13505,0.000239671,7.84121e-05,1.32903e-05
680,0.00656608,0.9741,-0.226022,-0.520143,-0.257115,-0.274869,1.113,0.0865312,-0.289286,1.052,-1,0,0.168954,-0.202145,1.25222,0.472138,0.474826,1.316,0.171172,0.62943,0.966303,0.569232,0.535126,0.262545,0.171172,0.62943,0.966303,0.000274127,1.11002,2.26113,1.80926,0.00024244,8.89022e-05,1.2911e-05
683,0.00656608,0.9741,-0.226022,-0.520143,-0.257115,-0.274869,1.113,0.0865312,-0.289286,1.052,-1,0,0.169723,-0.202115,1.25201,0.472138,0.474826,1.316,0.1711,0.629362,0.966195,0.536032,0.404622,0.168447,0.1711,0.629362,0.966195,0.000266241,1.02105,1.44004,2.63238,0.000245758,8.17944e-05,1.33014e-05
687,0.00656608,0.9741,-0.226022,-0.520143,-0.257115,-0.274869,1.113,0.0865312,-0.289286,1.052,-1,0,0.169872,-0.201924,1.25196,0.472138,0.474826,1.316,0.171171,0.629065,0.965991,0.514146,0.364286,0.175148,0.171171,0.629065,0.965991,0.000293052,1.04619,1.02136,2.11724,0.000223433,7.52175e-05,1.1872e-05
690,0.00656608,0.9741,-0.226022,-0.520143,-0.257115,-0.274869,1.113,0.0865312,-0.289286,1.052,-1,0,0.169516,-0.201847,1.25253,0.472138,0.474826,1.316,0.171268,0.628733,0.965664,0.533094,0.36779,0.157907,0.171268,0.628733,0.965664,0.000311507,1.00598,1.01053,1.06014,0.000214458,9.12758e-05,1.20077e-05
693,0.00656608,0.9741,-0.226022,-0.520143,-0.257115,-0.274869,1.113,0.0865312,-0.289286,1.052,-1,0,0.169659,-0.201711,1.25299,0.472138,0.474826,1.316,0.171257,0.628587,0.965508,0.552198,0.358403,0.139108,0.171257,0.628587,0.965508,0.000317751,1.00836,1.00434,1.00264,0.000230124,0.000110186,1.43554e-05
695,0.00656608,0.9741,-0.226022,-0.520143,-0.257115,-0.274869,1.113,0.0865312,-0.289286,1.052,-1,0,0.169808,-0.201938,1.25322,0.472138,0.474826,1.316,0.171383,0.628151,0.965308,0.573917,0.322624,0.114239,0.171383,0.628151,0.965308,0.00031676,1.07182,1.00714,1.00458,0.000229458,9.00252e-05,1.28407e-05
697,0.00656608,0.9741,-0.226022,-0.520143,-0.257115,-0.274869,1.113,0.0865312,-0.289286,1.052,-1,0,0.169652,-0.202124,1.25248,0.472138,0.474826,1.316,0.171384,0.628121,0.965247,0.565535,0.306043,0.124222,0.171384,0.628121,0.965247,0.000201178,1.07741,1.0215,1.00441,0.000238385,9.96373e-05,1.33064e-05
699,0.00656608,0.9741,-0.226022,-0.520143,-0.257115,-0.274869,1.113,0.0865312,-0.289286,1.052,-1,0,0.170214,-0.201522,1.25338,0.472138,0.474826,1.316,0.171511,0.627807,0.965005,0.629472,0.276403,0.0610887,0.171511,0.627807,0.965005,0.000221261,1.02102,1.01236,1.01017,0.000213987,9.38251e-05,1.0888e-05
701,0.00656608,0.9741,-0.226022,-0.520143,-0.257115,-0.274869,1.113,0.0865312,-0.289286,1.052,-1,0,0.169491,-0.202129,1.25273,0.472138,0.474826,1.316,0.171461,0.62781,0.964996,0.557571,0.360934,0.134937,0.171461,0.62781,0.964996,0.000155687,1.1252,1.01122,1.00162,0.000222008,8.74305e-05,1.3155e-05
703,0.00656608,0.9741,-0.226022,-0.520143,-0.257115,-0.274869,1.113,0.0865312,-0.289286,1.052,-1,0,0.170544,-0.201815,1.25383,0.472138,0.474826,1.316,0.171529,0.627399,0.964833,0.583695,0.257881,0.121065,0.171529,0.627399,0.964833,0.000205606,1.11937,1.06755,1.00293,0.000214719,9.7522e-05,1.20304e-05
705,0.00656608,0.9741,-0.226022,-0.520143,-0.257115,-0.274869,1.113,0.0865312,-0.289286,1.052,-1,0,0.170428,-0.201677,1.25364,0.472138,0.474826,1.316,0.171636,0.62711,0.964722,0.594832,0.16246,0.187381,0.171636,0.62711,0.964722,0.000157644,1.02468,1.05968,1.02917,0.000232245,9.24518e-05,1.07559e-05
707,0.00656608,0.9741,-0.226022,-0.520143,-0.257115,-0.274869,1.113,0.0865312,-0.289286,1.052,-1,0,0.170067,-0.201967,1.2531,0.472138,0.474826,1.316,0.17171,0.626879,0.964602,0.649356,0.145157,0.149482,0.17171,0.626879,0.964602,0.000185407,1.01956,1.04091,1.05933,0.000236704,8.4108e-05,1.3263e-05
709,0.00656608,0.9741,-0.226022,-0.520143,-0.257115,-0.274869,1.113,0.0865312,-0.289286,1.052,-1,0,0.171073,-0.202059,1.25281,0.472138,0.474826,1.316,0.171672,0.626671,0.964665,0.616556,0.0745922,0.323223,0.171672,0.626671,0.964665,0.000181344,1.44978,1.07214,1.10117,0.00023395,7.20104e-05,1.19857e-05
711,0.00656608,0.9741,-0.226022,-0.520143,-0.257115,-0.274869,1.113,0.0865312,-0.289286,1.052,-1,0,0.169697,-0.202165,1.2532,0.472138,0.474826,1.316,0.17169,0.626545,0.96459,0.552036,0.134184,0.333102,0.17169,0.626545,0.96459,0.000162511,1.38138,1.1905,1.02943,0.000225168,8.40766e-05,1.3746e-05
713,0.00656608,0.9741,-0.226022,-0.520143,-0.257115,-0.274869,1.113,0.0865312,-0.289286,1.052,-1,0,0.170819,-0.201759,1.25323,0.472138,0.474826,1.316,0.171713,0.626513,0.964655,0.502383,0.296651,0.564476,0.171713,0.626513,0.964655,0.000155902,2.35176,1.02002,1.24185,0.000217415,8.05243e-05,1.38327e-05
716,0.00656608,0.9741,-0.226022,-0.520143,-0.257115,-0.274869,1.113,0.0865312,-0.289286,1.052,-1,0,0.17121,-0.201851,1.2529,0.472138,0.474826,1.316,0.171732,0.62633,0.964723,0.561531,0.304081,0.573733,0.171732,0.62633,0.964723,0.000150972,1.02461,1.09926,1.09473,0.000227159,7.55844e-05,1.45754e-05
718,0.00656608,0.9741,-0.226022,-0.520143,-0.257115,-0.274869,1.113,0.0865312,-0.289286,1.052,-1,0,0.170857,-0.20202,1.25305,0.472138,0.474826,1.316,0.171787,0.626054,0.964686,0.56585,0.313442,0.581592,0.171787,0.626054,0.964686,0.000169761,1.06348,1.00555,1.12766,0.000236275,8.0144e-05,1.34013e-05
720,0.00656608,0.9741,-0.226022,-0.520143,-0.257115,-0.274869,1.113,0.0865312,-0.289286,1.052,-1,0,0.170656,-0.202168,1.2532,0.472138,0.474826,1.316,0.171739,0.626165,0.964663,0.532593,0.245043,0.512193,0.171739,0.626165,0.964663,0.000164328,2.57278,1.27262,1.00329,0.000223803,7.77032e-05,1.40282e-05
722,0.00656608,0.9741,-0.226022,-0.520143,-0.257115,-0.274869,1.113,0.0865312,-0.289286,1.052,-1,0,0.171129,-0.202002,1.25237,0.472138,0.474826,1.316,0.171874,0.625737,0.964684,0.620988,0.189168,0.458938,0.171874,0.625737,0.964684,0.000202341,2.02715,1.00417,1.01632,0.000227368,6.39557e-05,1.40686e-05
724,0.00656608,0.9741,-0.226022,-0.520143,-0.257115,-0.274869,1.113,0.0865312,-0.289286,1.052,-1,0,0.17108,-0.201925,1.25345,0.472138,0.474826,1.316,0.171868,0.625627,0.964647,0.599346,0.170653,0.440962,0.171868,0.625627,0.964647,0.000175001,1.13784,1.11579,1.02706,0.000223186,8.00163e-05,1.27727e-05
726,0.00656608,0.9741,-0.226022,-0.520143,-0.257115,-0.274869,1.113,0.0865312,-0.289286,1.052,-1,0,0.171144,-0.201838,1.25281,0.472138,0.474826,1.316,0.171864,0.62566,0.964663,0.612434,0.231951,0.499772,0.171864,0.62566,0.964663,0.000143635,1.74111,1.11097,1.00985,0.000225206,6.71398e-05,1.3613e-05
728,0.00656608,0.9741,-0.226022,-0.520143,-0.257115,-0.274869,1.113,0.0865312,-0.289286,1.052,-1,0,0.169927,-0.201804,1.25208,0.472138,0.474826,1.316,0.17181,0.626096,0.964841,0.410308,0.816169,0.82823,0.17181,0.626096,0.964841,0.000123937,1.00055,1.79846,1.7556,0.00024251,7.30175e-05,1.50739e-05
730,0.00656608,0.9741,-0.226022,-0.520143,-0.257115,-0.274869,1.113,0.0865312,-0.289286,1.052,-1,0,0.170015,-0.202312,1.25147,0.472138,0.474826,1.316,0.1717,0.626538,0.965128,0.418094,0.76211,0.863751,0.1717,0.626538,0.965128,0.000221793,1.02747,1.17105,1.49996,0.000238439,5.96981e-05,1.38691e-05
732,0.00656608,0.9741,-0.226022,-0.520143,-0.257115,-0.274869,1.113,0.0865312,-0.289286,1.052,-1,0,0.170709,-0.202035,1.25314,0.472138,0.474826,1.316,0.171673,0.626601,0.965048,0.390538,0.844749,0.82281,0.171673,0.626601,0.965048,0.000272764,1.88816,1.0107,1.71385,0.000220438,8.62523e-05,1.293e-05
734,0.00656608,0.9741,-0.226022,-0.520143,-0.257115,-0.274869,1.113,0.0865312,-0.289286,1.052,-1,0,0.170621,-0.202008,1.25363,0.472138,0.474826,1.316,0.171622,0.626751,0.965055,0.32144,0.948793,0.774828,0.171622,0.626751,0.965055,0.000214991,1.06158,1.46544,1.02216,0.000211688,9.37157e-05,1.30828e-05
736,0.00656608,0.9741,-0.226022,-0.520143,-0.257115,-0.274869,1.113,0.0865312,-0.289286,1.052,-1,0,0.170427,-0.201821,1.25216,0.472138,0.474826,1.316,0.171555,0.627085,0.965187,0.355151,0.841051,0.57185,0.171555,0.627085,0.965187,0.000156434,1.15564,1.0159,1.18896,0.000215993,6.83753e-05,1.40669e-05
