16,0.00259498,0.977167,-0.212455,-0.505363,-0.257808,-0.27561,1.116,0.0865312,-0.289286,1.052,-1,0,-0.0331237,-0.227934,1.30639,0,0,0,0.935681,0.0515534,0.09729,6.36656e-09,0.915081,0.940731,0.467841,0.483317,0.519011,0.0884362,1,1,1,0.000332445,0.000132136,5.64892e-07
48,0.00259498,0.977167,-0.212455,-0.505363,-0.257808,-0.27561,1.116,0.0865312,-0.289286,1.052,-1,0,-0.0279165,-0.22909,1.30697,0.590165,0.453491,1.263,0.0110734,0.261357,0.407601,0.691272,0.880701,0.914475,0.351173,0.571029,0.661038,0.176916,1,1,1,0.000194133,0.000100314,1.28762e-06
50,0.00259498,0.977167,-0.212455,-0.505363,-0.257808,-0.27561,1.116,0.0865312,-0.289286,1.052,-1,0,-0.0281653,-0.229066,1.30513,0.338893,0.490767,1.467,0.0283322,0.67074,0.857147,0.689137,0.808265,0.845746,0.358734,0.739502,0.851447,0.265274,1,1,1,0.00021719,9.68259e-05,1.18089e-06
53,0.00259498,0.977167,-0.212455,-0.505363,-0.257808,-0.27561,1.116,0.0865312,-0.289286,1.052,-1,0,-0.0304448,-0.228893,1.30973,0.338893,0.490767,1.467,0.0729612,0.940044,0.999941,0.608029,0.612418,0.546212,0.340495,0.776231,0.773077,0.265499,1,1,1,0.000231739,8.99737e-05,1.03621e-06
55,0.00259498,0.977167,-0.212455,-0.505363,-0.257808,-0.27561,1.116,0.0865312,-0.289286,1.052,-1,0,-0.0937254,-0.220562,1.35459,0.338893,0.490767,1.467,0.101248,0.89614,0.89236,0.504962,0.291953,0.17815,0.303105,0.594046,0.535255,0.268729,1.00027,1.00008,1.00003,0.000420462,4.11599e-05,1.28865e-06
57,0.00259498,0.977167,-0.212455,-0.505363,-0.257808,-0.27561,1.116,0.0865312,-0.289286,1.052,-1,0,-0.030559,-0.22955,1.31153,0.338893,0.490767,1.467,0.101345,0.894797,0.891527,0.504056,0.293282,0.175022,0.302701,0.594039,0.533274,0.180768,1.00059,1.00023,1.00007,0.000178127,0.000102072,1.94827e-06
60,0.00259498,0.977167,-0.212455,-0.505363,-0.257808,-0.27561,1.116,0.0865312,-0.289286,1.052,-1,0,-0.0303535,-0.229422,1.30887,0.338893,0.490767,1.467,0.101199,0.894938,0.890812,0.502058,0.298923,0.168577,0.301628,0.596931,0.529694,0.0923132,1.24277,1.00002,1.00022,0.0002123,0.000127491,2.05352e-06
62,0.00259498,0.977167,-0.212455,-0.505363,-0.257808,-0.27561,1.116,0.0865312,-0.289286,1.052,-1,0,-0.0940269,-0.220473,1.35449,0.304252,0.489195,1.425,0.115983,0.8977,0.870078,0.438549,0.512342,0.127741,0.277266,0.705021,0.498909,0.00612153,1.00078,1.02129,1.0072,0.000391504,4.42569e-05,1.35325e-06
65,0.00259498,0.977167,-0.212455,-0.505363,-0.257808,-0.27561,1.116,0.0865312,-0.289286,1.052,-1,0,-0.0286514,-0.229985,1.30413,0.304252,0.489195,1.425,0.115854,0.898476,0.871785,0.429712,0.546308,0.158998,0.272783,0.722392,0.515391,0.00612233,1.13826,1.04151,1.01212,0.00017848,9.33792e-05,1.05116e-06
67,0.00259498,0.977167,-0.212455,-0.505363,-0.257808,-0.27561,1.116,0.0865312,-0.289286,1.052,-1,0,-0.0291931,-0.229174,1.30764,0.304252,0.489195,1.425,0.118099,0.89547,0.891686,0.383735,0.698881,0.897319,0.250917,0.797175,0.894503,0.0112668,1.01258,61.8244,1.00464,0.00021287,0.000109733,1.50242e-06
70,0.00259498,0.977167,-0.212455,-0.505363,-0.257808,-0.27561,1.116,0.0865312,-0.289286,1.052,-1,0,-0.0315681,-0.229148,1.31163,0.304252,0.489195,1.425,0.118089,0.895629,0.891525,0.548832,0.461467,0.85825,0.333461,0.678548,0.874887,0.00582254,1.02518,48.8456,35.8939,0.000258136,0.000120468,1.98213e-06
72,0.00259498,0.977167,-0.212455,-0.505363,-0.257808,-0.27561,1.116,0.0865312,-0.289286,1.052,-1,0,-0.0308703,-0.228798,1.31091,0.304252,0.489195,1.425,0.118183,0.895334,0.890944,0.559633,0.442969,0.839251,0.338908,0.669152,0.865098,0.00557064,1.16574,1.06587,43.7983,0.000223149,0.000126537,1.95025e-06
74,0.00259498,0.977167,-0.212455,-0.505363,-0.257808,-0.27561,1.116,0.0865312,-0.289286,1.052,-1,0,-0.0341617,-0.228335,1.3125,0.215918,0.454288,1.402,0.18336,0.891259,0.907642,0.537033,0.42171,0.825417,0.360197,0.656485,0.86653,0.00512213,1.05336,1.00023,1.01482,0.000272602,0.000118011,1.41145e-06
77,0.00259498,0.977167,-0.212455,-0.505363,-0.257808,-0.27561,1.116,0.0865312,-0.289286,1.052,-1,0,-0.0349294,-0.228398,1.3137,0.215918,0.454288,1.402,0.18348,0.890799,0.904743,0.546517,0.399144,0.801031,0.364998,0.644972,0.852887,0.00581981,1.35199,1.08782,1.00301,0.000309957,0.00010977,1.35712e-06
79,0.00259498,0.977167,-0.212455,-0.505363,-0.257808,-0.27561,1.116,0.0865312,-0.289286,1.052,-1,0,-0.0343341,-0.228179,1.31207,0.215918,0.454288,1.402,0.183422,0.891016,0.903138,0.54616,0.401919,0.803,0.364791,0.646468,0.853069,0.00613086,1.00894,1.64838,1.00108,0.000280797,0.000101489,1.22357e-06
82,0.00259498,0.977167,-0.212455,-0.505363,-0.257808,-0.27561,1.116,0.0865312,-0.289286,1.052,-1,0,-0.0342155,-0.228161,1.31281,0.215918,0.454288,1.402,0.183457,0.891299,0.902533,0.505917,0.500011,0.0990192,0.183457,0.891299,0.902533,0.00143215,1.01221,1.36657,1.81145,0.000297016,9.96938e-05,9.43909e-07
84,0.00259498,0.977167,-0.212455,-0.505363,-0.257808,-0.27561,1.116,0.0865312,-0.289286,1.052,-1,0,-0.0351131,-0.227933,1.31295,0.215918,0.454288,1.402,0.183373,0.891753,0.901566,0.488416,0.576505,0.177379,0.183373,0.891753,0.901566,0.000980895,1.00265,1.02172,1.61639,0.000307919,0.00011202,9.85249e-07
87,0.00259498,0.977167,-0.212455,-0.505363,-0.257808,-0.27561,1.116,0.0865312,-0.289286,1.052,-1,0,-0.0404665,-0.225753,1.31022,0.0598529,0.378577,1.368,0.337196,0.8933,0.901272,0.555009,0.7065,0.325962,0.337196,0.8933,0.901272,0.00100224,1.07848,1.05234,1.57875,0.000691471,0.000178487,9.54505e-06
90,0.00259498,0.977167,-0.212455,-0.505363,-0.257808,-0.27561,1.116,0.0865312,-0.289286,1.052,-1,1,-0.0400016,-0.226323,1.31122,0.0598529,0.378577,1.368,0.337519,0.894648,0.901178,0.552027,0.765108,0.397476,0.337519,0.894648,0.901178,0.00119899,1.0013,1.08008,1.12962,0.000461555,0.000187781,8.12283e-06
92,0.00259498,0.977167,-0.212455,-0.505363,-0.257808,-0.27561,1.116,0.0865312,-0.289286,1.052,-1,1,-0.0351117,-0.227003,1.30789,0.0598529,0.378577,1.368,0.337723,0.89548,0.901988,0.559315,0.828296,0.530344,0.337723,0.89548,0.901988,0.0011745,1.10454,1.08075,1.19415,0.000450934,0.000157808,9.87439e-06
95,0.00259498,0.977167,-0.212455,-0.505363,-0.257808,-0.27561,1.116,0.0865312,-0.289286,1.052,-1,1,-0.033082,-0.227883,1.30508,0.0598529,0.378577,1.368,0.337637,0.896582,0.903855,0.527907,0.789613,0.720746,0.337637,0.896582,0.903855,0.0012167,1.01872,1.20539,1.24125,0.000455448,8.35989e-05,7.38755e-06
97,0.00259498,0.977167,-0.212455,-0.505363,-0.257808,-0.27561,1.116,0.0865312,-0.289286,1.052,-1,1,-0.0338774,-0.228132,1.31111,0.0473223,0.359941,1.352,0.372414,0.896665,0.904417,0.510778,0.682311,0.857043,0.372414,0.896665,0.904417,0.000964307,1.01856,1.13987,1.35378,0.000273999,8.40644e-05,9.6313e-07
99,0.00259498,0.977167,-0.212455,-0.505363,-0.257808,-0.27561,1.116,0.0865312,-0.289286,1.052,-1,1,-0.0318868,-0.22778,1.29317,0.0473223,0.359941,1.352,0.371725,0.897958,0.909254,0.472566,0.602221,0.949413,0.371725,0.897958,0.909254,0.0019493,1.00072,1.02965,1.2579,0.000565958,0.000104024,3.57065e-06
102,0.00259498,0.977167,-0.212455,-0.505363,-0.257808,-0.27561,1.116,0.0865312,-0.289286,1.052,-1,1,-0.0334759,-0.227972,1.31256,0.0473223,0.359941,1.352,0.371516,0.896505,0.909732,0.461051,0.493581,0.902048,0.371516,0.896505,0.909732,0.00188574,1.17902,1.03297,1.17199,0.000319209,0.000115366,9.3501e-07
104,0.00259498,0.977167,-0.212455,-0.505363,-0.257808,-0.27561,1.116,0.0865312,-0.289286,1.052,-1,1,-0.0323195,-0.227621,1.30876,0.0473223,0.359941,1.352,0.371462,0.895824,0.909862,0.459893,0.454696,0.862533,0.371462,0.895824,0.909862,0.00193661,1.00118,1.21251,1.08094,0.000297851,0.000144517,5.2053e-06
106,0.00259498,0.977167,-0.212455,-0.505363,-0.257808,-0.27561,1.116,0.0865312,-0.289286,1.052,-1,1,-0.0444587,-0.223658,1.31628,0.0473223,0.359941,1.352,0.372606,0.896002,0.905939,0.561477,0.317531,0.0940239,0.372606,0.896002,0.905939,0.00175792,1.27895,5.00464,2.67446,0.000634617,0.000123619,8.31488e-06
109,0.00259498,0.977167,-0.212455,-0.505363,-0.257808,-0.27561,1.116,0.0865312,-0.289286,1.052,-1,1,-0.0442896,-0.221519,1.31418,0.0473223,0.359941,1.352,0.374359,0.897237,0.903757,0.604211,0.530674,0.14709,0.374359,0.897237,0.903757,0.00214791,1.03588,1.70001,6.95409,0.000564683,0.000138297,1.27468e-05
111,0.00259498,0.977167,-0.212455,-0.505363,-0.257808,-0.27561,1.116,0.0865312,-0.289286,1.052,-1,1,-0.0481855,-0.217532,1.31516,0.0473223,0.359941,1.352,0.377438,0.896129,0.896317,0.600034,0.500397,0.119683,0.488736,0.698263,0.508,0.00389685,1.04003,1.00724,2.36874,0.000603523,3.48245e-05,8.00245e-06
114,0.00259498,0.977167,-0.212455,-0.505363,-0.257808,-0.27561,1.116,0.0865312,-0.289286,1.052,-1,1,-0.0486945,-0.207324,1.3196,0.0473223,0.359941,1.352,0.38363,0.896818,0.891674,0.66747,0.50821,0.179287,0.52555,0.702514,0.53548,0.00456909,1.05681,1.00839,1.05218,0.000380662,3.64325e-05,7.49105e-06
116,0.00259498,0.977167,-0.212455,-0.505363,-0.257808,-0.27561,1.116,0.0865312,-0.289286,1.052,-1,1,-0.040518,-0.208249,1.31426,0.0473223,0.359941,1.352,0.389751,0.8964,0.888164,0.71431,0.47839,0.196428,0.55203,0.687395,0.542296,0.00517095,1.00642,1.04406,1.0132,0.000494416,2.95415e-05,5.14428e-06
119,0.00259498,0.977167,-0.212455,-0.505363,-0.257808,-0.27561,1.116,0.0865312,-0.289286,1.052,-1,1,-0.0275784,-0.206657,1.31143,0.0473223,0.359941,1.352,0.396235,0.893101,0.890134,0.912097,0.431234,0.36419,0.654166,0.662168,0.627162,0.00485215,1.23487,1.17195,1.14435,0.000401009,6.99014e-05,2.87446e-06
121,0.00259498,0.977167,-0.212455,-0.505363,-0.257808,-0.27561,1.116,0.0865312,-0.289286,1.052,-1,1,-0.00642389,-0.202956,1.34029,0.0473223,0.359941,1.352,0.404967,0.879764,0.886824,0.80167,0.193486,0.417748,0.603318,0.536625,0.652286,0.00638564,1.07844,1.31819,1.29082,0.000640247,0.000148772,7.03521e-06
123,0.00259498,0.977167,-0.212455,-0.505363,-0.257808,-0.27561,1.116,0.0865312,-0.289286,1.052,-1,1,-0.00408519,-0.189396,1.33647,0.0473223,0.359941,1.352,0.417064,0.864753,0.884137,0.713805,0.13613,0.449797,0.565435,0.500442,0.666967,0.00870195,1.00475,1.08308,1.32101,0.00043614,3.73807e-05,1.20892e-05
126,0.00259498,0.977167,-0.212455,-0.505363,-0.257808,-0.27561,1.116,0.0865312,-0.289286,1.052,-1,1,-0.0087187,-0.164391,1.33462,0.0473223,0.359941,1.352,0.433999,0.850052,0.880795,0.723739,0.127401,0.417187,0.578869,0.488727,0.648991,0.0111094,1.00959,1.00167,1.11169,0.000607734,2.52951e-05,5.51511e-06
128,0.00259498,0.977167,-0.212455,-0.505363,-0.257808,-0.27561,1.116,0.0865312,-0.289286,1.052,-1,1,0.00740376,-0.156388,1.33288,0.0473223,0.359941,1.352,0.454568,0.831239,0.875699,0.760427,0.164816,0.413579,0.607498,0.498027,0.644639,0.012671,1.00001,1.0157,1.00166,0.000382094,5.14833e-05,6.41665e-06
130,0.00259498,0.977167,-0.212455,-0.505363,-0.257808,-0.27561,1.116,0.0865312,-0.289286,1.052,-1,1,0.0268866,-0.157671,1.33725,0.0473223,0.359941,1.352,0.474439,0.808547,0.86854,0.766689,0.16863,0.395754,0.620564,0.488589,0.632147,0.0140832,1.0018,1.00069,1.00547,0.000319291,4.18304e-05,1.77846e-05
132,0.00259498,0.977167,-0.212455,-0.505363,-0.257808,-0.27561,1.116,0.0865312,-0.289286,1.052,-1,1,0.0392385,-0.157318,1.34429,0.0473223,0.359941,1.352,0.492509,0.791859,0.86579,0.763262,0.173944,0.400661,0.627885,0.482901,0.633226,0.0143584,1.00992,1.00073,1.00566,0.000420332,4.16099e-05,2.26563e-05
135,0.00259498,0.977167,-0.212455,-0.505363,-0.257808,-0.27561,1.116,0.0865312,-0.289286,1.052,-1,1,0.0453575,-0.169268,1.36131,0.0473223,0.359941,1.352,0.501254,0.771886,0.860033,0.715345,0.13688,0.393166,0.608299,0.454383,0.626599,0.0134153,1.03685,1.00381,1.00107,0.000526808,0.000119513,1.81724e-05
137,0.00259498,0.977167,-0.212455,-0.505363,-0.257808,-0.27561,1.116,0.0865312,-0.289286,1.052,-1,1,0.0382198,-0.173192,1.36177,0.0473223,0.359941,1.352,0.498809,0.754661,0.856316,0.623682,0.0923554,0.403149,0.561246,0.423508,0.629733,0.0118998,1.03379,1.05586,1.01933,0.000481743,0.000156114,1.49977e-05
139,0.00259498,0.977167,-0.212455,-0.505363,-0.257808,-0.27561,1.116,0.0865312,-0.289286,1.052,-1,1,0.0363389,-0.174307,1.36472,0.0473223,0.359941,1.352,0.492452,0.741811,0.850977,0.49055,0.106982,0.379993,0.491501,0.424396,0.615485,0.0106947,1.01792,1.11616,1.09089,0.000396669,0.00018943,1.5262e-05
141,0.00259498,0.977167,-0.212455,-0.505363,-0.257808,-0.27561,1.116,0.0865312,-0.289286,1.052,-1,1,0.0354438,-0.17276,1.36556,0.0473223,0.359941,1.352,0.486831,0.734725,0.845051,0.394757,0.194827,0.36346,0.440794,0.464776,0.604256,0.00898327,1.02073,1.06992,1.14646,0.000374225,0.000164728,2.08331e-05
144,0.00259498,0.977167,-0.212455,-0.505363,-0.257808,-0.27561,1.116,0.0865312,-0.289286,1.052,-1,1,0.0353539,-0.170219,1.36276,0.0473223,0.359941,1.352,0.48193,0.732868,0.840983,0.339197,0.280824,0.320245,0.410563,0.506846,0.580614,0.00684504,1.02466,1.07444,1.17347,0.000399511,0.000136157,1.39651e-05
146,0.00259498,0.977167,-0.212455,-0.505363,-0.257808,-0.27561,1.116,0.0865312,-0.289286,1.052,-1,1,0.0345602,-0.170604,1.36283,0.0473223,0.359941,1.352,0.48135,0.735566,0.84019,0.319797,0.397958,0.285808,0.400573,0.566762,0.562999,0.00447032,1.1835,1.11482,1.14441,0.000398891,0.000135609,1.9959e-05
148,0.00259498,0.977167,-0.212455,-0.505363,-0.257808,-0.27561,1.116,0.0865312,-0.289286,1.052,-1,1,0.0309346,-0.176337,1.37172,0.0473223,0.359941,1.352,0.480046,0.735554,0.837286,0.349629,0.514374,0.289991,0.414838,0.624964,0.563639,0.00310508,1.08382,1.12593,1.16509,0.000247661,0.000139095,2.21701e-05
151,0.00259498,0.977167,-0.212455,-0.505363,-0.257808,-0.27561,1.116,0.0865312,-0.289286,1.052,-1,1,0.040988,-0.186753,1.37123,0.0473223,0.359941,1.352,0.475454,0.733972,0.836939,0.283055,0.532044,0.346389,0.475454,0.733972,0.836939,0.00256717,1.20578,1.02472,1.06981,0.000399827,9.68465e-05,1.00671e-05
153,0.00259498,0.977167,-0.212455,-0.505363,-0.257808,-0.27561,1.116,0.0865312,-0.289286,1.052,-1,1,0.0456539,-0.189536,1.36968,0.0473223,0.359941,1.352,0.469352,0.731788,0.83796,0.183075,0.411758,0.438302,0.326213,0.571773,0.638131,0.00317255,1.01155,1.39346,1.03734,0.000395788,0.000106811,8.8424e-06
155,0.00259498,0.977167,-0.212455,-0.505363,-0.257808,-0.27561,1.116,0.0865312,-0.289286,1.052,-1,1,0.0494423,-0.192103,1.36907,0.0473223,0.359941,1.352,0.461401,0.728407,0.838935,0.183696,0.391822,0.521546,0.322548,0.560114,0.68024,0.00410962,1.00019,1.08325,1.22617,0.000334787,0.000106231,1.03522e-05
157,0.00259498,0.977167,-0.212455,-0.505363,-0.257808,-0.27561,1.116,0.0865312,-0.289286,1.052,-1,1,0.0480352,-0.191786,1.36973,0.0473223,0.359941,1.352,0.45371,0.724877,0.839511,0.191336,0.383942,0.528916,0.322523,0.55441,0.684213,0.00485902,1.00012,1.00152,1.1482,0.000375721,9.23135e-05,1.08871e-05
160,0.00259498,0.977167,-0.212455,-0.505363,-0.257808,-0.27561,1.116,0.0865312,-0.289286,1.052,-1,1,0.042559,-0.187516,1.37142,0.0473223,0.359941,1.352,0.449714,0.722639,0.841109,0.205003,0.375825,0.540626,0.327359,0.549232,0.690868,0.00459662,1.0165,1.00169,1.03153,0.000374342,0.000116109,1.41224e-05
162,0.00259498,0.977167,-0.212455,-0.505363,-0.257808,-0.27561,1.116,0.0865312,-0.289286,1.052,-1,1,0.0448124,-0.181261,1.37199,0.0473223,0.359941,1.352,0.451684,0.720975,0.840516,0.264903,0.329436,0.536264,0.358293,0.525205,0.68839,0.00326012,1.38841,1.0428,1.01188,0.000441764,0.000122364,1.33009e-05
164,0.00259498,0.977167,-0.212455,-0.505363,-0.257808,-0.27561,1.116,0.0865312,-0.289286,1.052,-1,1,0.0383307,-0.168621,1.36376,0.0473223,0.359941,1.352,0.459296,0.722663,0.839984,0.824851,0.390859,0.524831,0.642074,0.556761,0.682407,0.0030536,1.09362,3.05609,1.3973,0.000428207,0.000153027,1.60037e-05
167,0.00259498,0.977167,-0.212455,-0.505363,-0.257808,-0.27561,1.116,0.0865312,-0.289286,1.052,-1,1,0.0350186,-0.165941,1.36878,0.0473223,0.359941,1.352,0.468769,0.724444,0.836862,0.890334,0.523632,0.417074,0.679551,0.624038,0.626968,0.00397001,1.01122,1.62556,5.48536,0.0004249,0.00016339,1.53744e-05
169,0.00259498,0.977167,-0.212455,-0.505363,-0.257808,-0.27561,1.116,0.0865312,-0.289286,1.052,-1,1,0.0341197,-0.171552,1.37125,0.0473223,0.359941,1.352,0.476084,0.726057,0.833694,0.839866,0.551979,0.401756,0.657975,0.639018,0.617725,0.00516126,1.00184,1.02459,2.83498,0.000399131,0.00010936,1.91864e-05
171,0.00259498,0.977167,-0.212455,-0.505363,-0.257808,-0.27561,1.116,0.0865312,-0.289286,1.052,-1,1,0.0303439,-0.175853,1.37763,0.0473223,0.359941,1.352,0.480208,0.726827,0.830035,0.794879,0.545269,0.348807,0.637543,0.636048,0.589421,0.0048317,1.01543,1.01964,1.11414,0.000328539,0.000106567,1.45819e-05
173,0.00259498,0.977167,-0.212455,-0.505363,-0.257808,-0.27561,1.116,0.0865312,-0.289286,1.052,-1,1,0.0308485,-0.184988,1.37227,0.0473223,0.359941,1.352,0.478718,0.730845,0.829684,0.681799,0.610567,0.345814,0.580259,0.670706,0.587749,0.00380364,1.15415,1.06646,1.06037,0.000294594,9.54509e-05,7.2036e-06
175,0.00259498,0.977167,-0.212455,-0.505363,-0.257808,-0.27561,1.116,0.0865312,-0.289286,1.052,-1,1,0.0470537,-0.192855,1.36938,0.0473223,0.359941,1.352,0.469849,0.729413,0.830999,0.279342,0.608926,0.395452,0.374595,0.669169,0.613225,0.00392088,1.40488,2.06216,1.39287,0.000306555,7.75848e-05,1.00414e-05
178,0.00259498,0.977167,-0.212455,-0.505363,-0.257808,-0.27561,1.116,0.0865312,-0.289286,1.052,-1,1,0.0460843,-0.192508,1.36991,0.0473223,0.359941,1.352,0.460253,0.728472,0.833866,0.0488118,0.521468,0.564637,0.254532,0.62497,0.699252,0.00464132,1.00416,1.83264,3.34731,0.000336474,0.000101356,1.44798e-05
180,0.00259498,0.977167,-0.212455,-0.505363,-0.257808,-0.27561,1.116,0.0865312,-0.289286,1.052,-1,1,0.047043,-0.192728,1.37103,0.0473223,0.359941,1.352,0.452677,0.72676,0.836551,0.140375,0.448927,0.580489,0.296526,0.587843,0.70852,0.00533156,1.00321,1.05371,2.75918,0.000398564,8.86662e-05,1.4597e-05
182,0.00259498,0.977167,-0.212455,-0.505363,-0.257808,-0.27561,1.116,0.0865312,-0.289286,1.052,-1,1,0.0465082,-0.192071,1.37007,0.0473223,0.359941,1.352,0.447002,0.725378,0.840983,0.184558,0.447758,0.630133,0.31578,0.586568,0.735558,0.00518168,1.01904,1.02089,1.2274,0.000397962,8.57826e-05,1.08815e-05
184,0.00259498,0.977167,-0.212455,-0.505363,-0.257808,-0.27561,1.116,0.0865312,-0.289286,1.052,-1,1,0.0431817,-0.187115,1.37122,0.0473223,0.359941,1.352,0.446273,0.722389,0.841971,0.264118,0.403417,0.641521,0.355195,0.562903,0.741746,0.00409889,1.04871,1.04323,1.07553,0.000383588,8.55696e-05,9.42787e-06
187,0.00259498,0.977167,-0.212455,-0.505363,-0.257808,-0.27561,1.116,0.0865312,-0.289286,1.052,-1,1,0.0435761,-0.173458,1.37776,0.0473223,0.359941,1.352,0.453134,0.719886,0.837543,0.514657,0.230901,0.537709,0.483895,0.475393,0.687626,0.00387262,1.63781,1.60069,1.13861,0.0003517,0.000121653,2.25136e-05
189,0.00259498,0.977167,-0.212455,-0.505363,-0.257808,-0.27561,1.116,0.0865312,-0.289286,1.052,-1,1,0.0409484,-0.164279,1.36906,0.0473223,0.359941,1.352,0.46335,0.719165,0.834843,0.938568,0.377465,0.357212,0.700959,0.548315,0.596028,0.00417861,1.02324,2.37086,2.56134,0.000401804,0.000160083,1.2614e-05
191,0.00259498,0.977167,-0.212455,-0.505363,-0.257808,-0.27561,1.116,0.0865312,-0.289286,1.052,-1,1,0.0308362,-0.162656,1.36429,0.0473223,0.359941,1.352,0.474354,0.722512,0.833091,0.896883,0.494888,0.380647,0.685618,0.6087,0.606869,0.00566271,1.01564,1.08741,3.29008,0.000433948,0.000115654,1.27425e-05
193,0.00259498,0.977167,-0.212455,-0.505363,-0.257808,-0.27561,1.116,0.0865312,-0.289286,1.052,-1,1,0.0330387,-0.165883,1.36715,0.0473223,0.359941,1.352,0.483939,0.724396,0.830533,0.868055,0.535307,0.414595,0.675997,0.629852,0.622564,0.00620796,1.00119,1.02331,1.34872,0.000439407,0.000120351,1.26654e-05
196,0.00259498,0.977167,-0.212455,-0.505363,-0.257808,-0.27561,1.116,0.0865312,-0.289286,1.052,-1,1,0.0357624,-0.1652,1.36623,0.0473223,0.359941,1.352,0.492045,0.725406,0.8292,0.847257,0.555038,0.427438,0.669651,0.640222,0.628319,0.00587219,1.00426,1.00052,1.04294,0.000454716,0.000116963,1.46396e-05
198,0.00259498,0.977167,-0.212455,-0.505363,-0.257808,-0.27561,1.116,0.0865312,-0.289286,1.052,-1,1,0.0364918,-0.171524,1.36575,0.0473223,0.359941,1.352,0.492839,0.729873,0.832188,0.807448,0.602559,0.479483,0.650144,0.666216,0.655835,0.00448963,1.155,1.01815,1.01954,0.000345256,9.25082e-05,1.93318e-05
200,0.00259498,0.977167,-0.212455,-0.505363,-0.257808,-0.27561,1.116,0.0865312,-0.289286,1.052,-1,1,0.0402599,-0.184201,1.37444,0.0473223,0.359941,1.352,0.485411,0.730784,0.83283,0.564331,0.84948,0.618355,0.524871,0.790132,0.725593,0.00389319,1.67869,1.67381,1.07263,0.00039383,7.97143e-05,1.19759e-05
202,0.00259498,0.977167,-0.212455,-0.505363,-0.257808,-0.27561,1.116,0.0865312,-0.289286,1.052,-1,1,0.046264,-0.187907,1.37256,0.0473223,0.359941,1.352,0.476143,0.727108,0.833859,0.0610897,0.530158,0.603826,0.268616,0.628633,0.718843,0.00436361,1.03911,3.80385,2.77225,0.00036874,6.67713e-05,6.31904e-06
205,0.00259498,0.977167,-0.212455,-0.505363,-0.257808,-0.27561,1.116,0.0865312,-0.289286,1.052,-1,1,0.0527228,-0.192274,1.37032,0.0473223,0.359941,1.352,0.466556,0.723384,0.836518,0.154843,0.423911,0.546225,0.3107,0.573648,0.691371,0.00562979,1.00493,1.12296,6.25299,0.000369298,8.12781e-05,8.88405e-06
207,0.00259498,0.977167,-0.212455,-0.505363,-0.257808,-0.27561,1.116,0.0865312,-0.289286,1.052,-1,1,0.0508768,-0.191473,1.37149,0.0473223,0.359941,1.352,0.456994,0.720238,0.838166,0.187842,0.39442,0.548518,0.322418,0.557329,0.693342,0.00630417,1.00245,1.01123,1.3865,0.000406188,8.6267e-05,9.64138e-06
209,0.00259498,0.977167,-0.212455,-0.505363,-0.257808,-0.27561,1.116,0.0865312,-0.289286,1.052,-1,1,0.0473865,-0.186614,1.37385,0.0473223,0.359941,1.352,0.451453,0.716564,0.837598,0.194171,0.382402,0.53748,0.322812,0.549483,0.687539,0.00560911,1.00804,1.00106,1.02281,0.000370769,7.08832e-05,7.00046e-06
211,0.00259498,0.977167,-0.212455,-0.505363,-0.257808,-0.27561,1.116,0.0865312,-0.289286,1.052,-1,1,0.0475906,-0.177237,1.36749,0.0473223,0.359941,1.352,0.454048,0.715589,0.839274,0.245056,0.352702,0.553428,0.349552,0.534145,0.696351,0.00422212,1.62946,1.03002,1.01252,0.000367666,0.000149232,2.11252e-05
214,0.00259498,0.977167,-0.212455,-0.505363,-0.257808,-0.27561,1.116,0.0865312,-0.289286,1.052,-1,1,0.0437092,-0.161194,1.36941,0.0473223,0.359941,1.352,0.463761,0.714818,0.837509,0.776262,0.293309,0.470465,0.620011,0.504064,0.653987,0.00397255,1.10731,2.70049,1.3194,0.000296287,0.000197071,1.52249e-05
216,0.00259498,0.977167,-0.212455,-0.505363,-0.257808,-0.27561,1.116,0.0865312,-0.289286,1.052,-1,1,0.042272,-0.167084,1.37329,0.0473223,0.359941,1.352,0.472908,0.714823,0.833658,0.958937,0.470227,0.42757,0.715922,0.592525,0.630614,0.00444821,1.01764,1.66665,3.39884,0.000332814,0.000114165,1.8507e-05
218,0.00259498,0.977167,-0.212455,-0.505363,-0.257808,-0.27561,1.116,0.0865312,-0.289286,1.052,-1,1,0.0424634,-0.17505,1.37394,0.0473223,0.359941,1.352,0.478885,0.715071,0.830852,0.899356,0.488212,0.372887,0.68912,0.601641,0.601869,0.00487118,1.00083,1.06194,3.24286,0.000339732,7.63753e-05,1.75854e-05
220,0.00259498,0.977167,-0.212455,-0.505363,-0.257808,-0.27561,1.116,0.0865312,-0.289286,1.052,-1,1,0.0489752,-0.18824,1.37529,0.0473223,0.359941,1.352,0.478271,0.714452,0.830659,0.85545,0.48943,0.333826,0.666861,0.601941,0.582243,0.00324935,1.27166,1.0083,1.16485,0.000420105,5.3141e-05,1.81611e-05
223,0.00259498,0.977167,-0.212455,-0.505363,-0.257808,-0.27561,1.116,0.0865312,-0.289286,1.052,-1,1,0.0564229,-0.192192,1.37289,0.0473223,0.359941,1.352,0.472724,0.712131,0.830971,0.482614,0.22312,0.153429,0.472724,0.712131,0.830971,0.00263305,1.00655,2.29188,1.1736,0.000391904,5.66816e-05,1.74768e-05
225,0.00259498,0.977167,-0.212455,-0.505363,-0.257808,-0.27561,1.116,0.0865312,-0.289286,1.052,-1,1,0.0558794,-0.192217,1.37232,0.0473223,0.359941,1.352,0.461378,0.710775,0.833704,0.146237,0.426604,0.548449,0.303807,0.568689,0.691077,0.00362216,1.00806,1.86942,5.21978,0.000403184,7.12537e-05,1.72749e-05
227,0.00259498,0.977167,-0.212455,-0.505363,-0.257808,-0.27561,1.116,0.0865312,-0.289286,1.052,-1,1,0.0521161,-0.189541,1.37322,0.0473223,0.359941,1.352,0.453242,0.709887,0.83624,0.134024,0.442151,0.567747,0.293633,0.576019,0.701994,0.00507741,1.00118,1.01076,3.42191,0.00042115,6.77026e-05,1.34125e-05
229,0.00259498,0.977167,-0.212455,-0.505363,-0.257808,-0.27561,1.116,0.0865312,-0.289286,1.052,-1,1,0.0480873,-0.180632,1.37233,0.0473223,0.359941,1.352,0.451238,0.709133,0.837435,0.136516,0.455511,0.595178,0.293877,0.582322,0.716306,0.004404,1.01684,1.00621,1.11447,0.000417096,8.27505e-05,1.39048e-05
232,0.00259498,0.977167,-0.212455,-0.505363,-0.257808,-0.27561,1.116,0.0865312,-0.289286,1.052,-1,1,0.0379836,-0.169134,1.37345,0.0473223,0.359941,1.352,0.458185,0.711092,0.835795,0.187273,0.52483,0.71274,0.322729,0.617961,0.774267,0.00364843,2.01985,1.68302,1.01894,0.000362701,0.000129973,1.35082e-05
234,0.00259498,0.977167,-0.212455,-0.505363,-0.257808,-0.27561,1.116,0.0865312,-0.289286,1.052,-1,1,0.0352857,-0.170269,1.37433,0.0473223,0.359941,1.352,0.46613,0.714758,0.832419,0.794951,0.592454,0.408487,0.63054,0.653606,0.620453,0.00404623,1.00945,3.9654,3.53967,0.000320252,9.98839e-05,1.12986e-05
236,0.00259498,0.977167,-0.212455,-0.505363,-0.257808,-0.27561,1.116,0.0865312,-0.289286,1.052,-1,1,0.0357579,-0.181959,1.37855,0.0473223,0.359941,1.352,0.46973,0.717911,0.828694,0.741133,0.59905,0.37174,0.605431,0.65848,0.600217,0.00506885,1.0195,1.03685,5.18263,0.000372761,6.08854e-05,1.04124e-05
238,0.00259498,0.977167,-0.212455,-0.505363,-0.257808,-0.27561,1.116,0.0865312,-0.289286,1.052,-1,1,0.0484474,-0.190991,1.37478,0.0473223,0.359941,1.352,0.469163,0.71867,0.828221,0.681476,0.616838,0.353932,0.575319,0.667754,0.591076,0.00387696,1.04271,1.0449,1.42122,0.000307425,7.01448e-05,1.47201e-05
241,0.00259498,0.977167,-0.212455,-0.505363,-0.257808,-0.27561,1.116,0.0865312,-0.289286,1.052,-1,1,0.0533847,-0.192087,1.37255,0.0473223,0.359941,1.352,0.465008,0.718174,0.829547,0.450388,0.648669,0.352611,0.465008,0.718174,0.829547,0.00268594,1.28446,1.46462,1.154,0.000343299,8.47437e-05,7.69166e-06
243,0.00259498,0.977167,-0.212455,-0.505363,-0.257808,-0.27561,1.116,0.0865312,-0.289286,1.052,-1,1,0.0518161,-0.191968,1.37002,0.0473223,0.359941,1.352,0.456817,0.71711,0.833397,0.133932,0.47927,0.619799,0.456817,0.71711,0.833397,0.00291852,1.00366,2.50648,2.79942,0.000418522,8.3218e-05,1.16192e-05
245,0.00259498,0.977167,-0.212455,-0.505363,-0.257808,-0.27561,1.116,0.0865312,-0.289286,1.052,-1,1,0.0480019,-0.179384,1.3656,0.0473223,0.359941,1.352,0.453659,0.716377,0.837365,0.215842,0.459852,0.66985,0.33475,0.588114,0.753607,0.00383014,1.0358,1.0451,5.99305,0.000389487,0.000153045,1.50184e-05
248,0.00259498,0.977167,-0.212455,-0.505363,-0.257808,-0.27561,1.116,0.0865312,-0.289286,1.052,-1,1,0.0411108,-0.165059,1.36626,0.0473223,0.359941,1.352,0.459919,0.716354,0.839577,0.391768,0.460104,0.760735,0.425843,0.588229,0.800156,0.00442651,1.37166,1.31887,2.28936,0.000368462,0.000204231,1.63813e-05
250,0.00259498,0.977167,-0.212455,-0.505363,-0.257808,-0.27561,1.116,0.0865312,-0.289286,1.052,-1,1,0.035009,-0.168986,1.37748,0.0473223,0.359941,1.352,0.467883,0.717575,0.836077,0.830848,0.508605,0.573753,0.649365,0.61309,0.704915,0.00436043,1.16187,2.86669,2.56588,0.000312566,0.000101169,1.21031e-05
252,0.00259498,0.977167,-0.212455,-0.505363,-0.257808,-0.27561,1.116,0.0865312,-0.289286,1.052,-1,1,0.0361367,-0.179728,1.38208,0.0473223,0.359941,1.352,0.472232,0.719001,0.831273,0.850568,0.535178,0.386086,0.6614,0.627089,0.608679,0.00471684,1.03187,1.70405,7.13634,0.000327008,5.65797e-05,6.56097e-06
255,0.00259498,0.977167,-0.212455,-0.505363,-0.257808,-0.27561,1.116,0.0865312,-0.289286,1.052,-1,1,0.0531886,-0.191609,1.37485,0.0473223,0.359941,1.352,0.472299,0.71747,0.829845,0.744894,0.516015,0.278785,0.608597,0.616743,0.554315,0.00361444,1.13632,1.15167,4.31952,0.000393327,5.28784e-05,1.22056e-05
257,0.00259498,0.977167,-0.212455,-0.505363,-0.257808,-0.27561,1.116,0.0865312,-0.289286,1.052,-1,1,0.0504791,-0.190966,1.37559,0.0473223,0.359941,1.352,0.467929,0.715481,0.828143,0.499812,0.432642,0.146609,0.467929,0.715481,0.828143,0.00291887,1.08136,1.49508,1.9288,0.000401049,6.02236e-05,1.28736e-05
259,0.00259498,0.977167,-0.212455,-0.505363,-0.257808,-0.27561,1.116,0.0865312,-0.289286,1.052,-1,1,0.0449767,-0.185338,1.37722,0.0473223,0.359941,1.352,0.460392,0.713576,0.827024,0.211324,0.381835,0.39284,0.460392,0.713576,0.827024,0.00292623,1.00548,1.53978,2.67177,0.000376784,7.62106e-05,1.05435e-05
261,0.00259498,0.977167,-0.212455,-0.505363,-0.257808,-0.27561,1.116,0.0865312,-0.289286,1.052,-1,1,0.042422,-0.171956,1.377,0.0473223,0.359941,1.352,0.459337,0.711907,0.827751,0.184614,0.382441,0.447275,0.321976,0.547174,0.637513,0.0031241,1.12498,1.03329,2.24545,0.000301165,0.000145402,1.08897e-05
264,0.00259498,0.977167,-0.212455,-0.505363,-0.257808,-0.27561,1.116,0.0865312,-0.289286,1.052,-1,1,0.0266123,-0.153414,1.36848,0.0473223,0.359941,1.352,0.4691,0.715467,0.82884,0.737966,0.49703,0.651846,0.603533,0.606248,0.740343,0.00416584,1.43059,5.62765,1.32399,0.000401643,9.48247e-05,3.27487e-05
266,0.00259498,0.977167,-0.212455,-0.505363,-0.257808,-0.27561,1.116,0.0865312,-0.289286,1.052,-1,1,0.0352494,-0.165858,1.37821,0.0473223,0.359941,1.352,0.4784,0.717225,0.824349,0.863925,0.55415,0.446192,0.671163,0.635688,0.63527,0.00471198,1.04907,2.6515,3.64118,0.000377926,8.23833e-05,1.13879e-05
268,0.00259498,0.977167,-0.212455,-0.505363,-0.257808,-0.27561,1.116,0.0865312,-0.289286,1.052,-1,1,0.0399555,-0.178167,1.3779,0.0473223,0.359941,1.352,0.483006,0.718313,0.82178,0.825144,0.567753,0.414825,0.654075,0.643033,0.618303,0.00529399,1.00082,1.08704,2.91471,0.0003368,5.92552e-05,1.13429e-05
270,0.00259498,0.977167,-0.212455,-0.505363,-0.257808,-0.27561,1.116,0.0865312,-0.289286,1.052,-1,1,0.0505713,-0.189396,1.37436,0.0473223,0.359941,1.352,0.481594,0.717864,0.823342,0.805471,0.546735,0.361885,0.643532,0.6323,0.592614,0.00371794,2.40879,1.00091,1.07217,0.000389728,7.22538e-05,1.13845e-05
273,0.00259498,0.977167,-0.212455,-0.505363,-0.257808,-0.27561,1.116,0.0865312,-0.289286,1.052,-1,1,0.0534991,-0.191403,1.37115,0.0473223,0.359941,1.352,0.474603,0.718042,0.827689,0.232242,0.549742,0.766157,0.353423,0.633892,0.796923,0.00315593,1.01682,4.04888,1.53627,0.000354752,8.83365e-05,9.28168e-06
275,0.00259498,0.977167,-0.212455,-0.505363,-0.257808,-0.27561,1.116,0.0865312,-0.289286,1.052,-1,1,0.0493488,-0.182954,1.37778,0.0473223,0.359941,1.352,0.463745,0.712251,0.828852,0.20454,0.415355,0.601582,0.334142,0.563803,0.715217,0.00460201,1.03237,1.404,10.1354,0.000361335,7.06193e-05,1.40996e-05
277,0.00259498,0.977167,-0.212455,-0.505363,-0.257808,-0.27561,1.116,0.0865312,-0.289286,1.052,-1,1,0.0533641,-0.171763,1.37577,0.0473223,0.359941,1.352,0.461637,0.708328,0.83084,0.240058,0.383979,0.592948,0.350848,0.546153,0.711894,0.00538415,1.05704,1.02714,3.27747,0.000346911,0.000143577,1.91021e-05
280,0.00259498,0.977167,-0.212455,-0.505363,-0.257808,-0.27561,1.116,0.0865312,-0.289286,1.052,-1,1,0.046586,-0.158205,1.3742,0.0473223,0.359941,1.352,0.468943,0.705647,0.830159,0.397099,0.264562,0.544523,0.433021,0.485104,0.687341,0.0052658,1.39335,1.30042,1.06986,0.000325149,0.000156353,2.79568e-05
282,0.00259498,0.977167,-0.212455,-0.505363,-0.257808,-0.27561,1.116,0.0865312,-0.289286,1.052,-1,1,0.047596,-0.163498,1.37473,0.0473223,0.359941,1.352,0.478419,0.704069,0.82721,0.837983,0.337742,0.460314,0.658201,0.520906,0.643762,0.00444246,1.02823,2.19535,1.78333,0.000325357,0.000105026,1.9323e-05
285,0.00259498,0.977167,-0.212455,-0.505363,-0.257808,-0.27561,1.116,0.0865312,-0.289286,1.052,-1,1,0.0516295,-0.170003,1.3709,0.0473223,0.359941,1.352,0.486302,0.702641,0.824863,0.989591,0.422249,0.405152,0.737946,0.562445,0.615007,0.00459407,1.00017,1.18334,2.59062,0.000343324,0.000114454,1.69192e-05
287,0.00259498,0.977167,-0.212455,-0.505363,-0.257808,-0.27561,1.116,0.0865312,-0.289286,1.052,-1,1,0.0502552,-0.17092,1.37111,0.0473223,0.359941,1.352,0.49085,0.702775,0.82554,0.970557,0.454367,0.41753,0.730703,0.578571,0.621535,0.00408959,1.0327,1.00353,1.7752,0.000377143,0.000136681,1.9733e-05
289,0.00259498,0.977167,-0.212455,-0.505363,-0.257808,-0.27561,1.116,0.0865312,-0.289286,1.052,-1,1,0.0483335,-0.173485,1.3703,0.0473223,0.359941,1.352,0.4903,0.705596,0.827204,0.880937,0.535151,0.496622,0.4903,0.705596,0.827204,0.00286033,1.30148,1.07514,1.06401,0.000351561,0.000121291,2.33706e-05
291,0.00259498,0.977167,-0.212455,-0.505363,-0.257808,-0.27561,1.116,0.0865312,-0.289286,1.052,-1,1,0.0471971,-0.182166,1.37208,0.0473223,0.359941,1.352,0.481488,0.708204,0.830538,0.273471,0.766157,0.840862,0.377479,0.73718,0.8357,0.00303238,1.16761,3.54093,1.54667,0.000363662,7.68515e-05,1.95299e-05
293,0.00259498,0.977167,-0.212455,-0.505363,-0.257808,-0.27561,1.116,0.0865312,-0.289286,1.052,-1,1,0.0520552,-0.18981,1.3738,0.0473223,0.359941,1.352,0.471845,0.70958,0.833788,0.0633874,0.60888,0.658054,0.267616,0.65923,0.745921,0.0038932,1.00288,1.56857,6.53362,0.00036397,7.45884e-05,1.03174e-05
296,0.00259498,0.977167,-0.212455,-0.505363,-0.257808,-0.27561,1.116,0.0865312,-0.289286,1.052,-1,1,0.0516574,-0.188824,1.37347,0.0473223,0.359941,1.352,0.464949,0.710618,0.834958,0.0260657,0.557159,0.60777,0.245507,0.633889,0.721364,0.00465073,1.00691,1.02057,2.62583,0.000356501,7.68481e-05,7.6286e-06
298,0.00259498,0.977167,-0.212455,-0.505363,-0.257808,-0.27561,1.116,0.0865312,-0.289286,1.052,-1,1,0.0504311,-0.182391,1.37498,0.0473223,0.359941,1.352,0.46073,0.71064,0.834951,0.0307523,0.532251,0.572869,0.245741,0.621445,0.70391,0.00385375,1.00434,1.00966,1.0891,0.000408245,7.86778e-05,1.85585e-05
300,0.00259498,0.977167,-0.212455,-0.505363,-0.257808,-0.27561,1.116,0.0865312,-0.289286,1.052,-1,1,0.0523422,-0.17223,1.37406,0.0473223,0.359941,1.352,0.461124,0.708548,0.833836,0.103103,0.469146,0.498651,0.461124,0.708548,0.833836,0.00244927,1.32215,1.03559,1.03192,0.000351322,0.000142868,1.23252e-05
302,0.00259498,0.977167,-0.212455,-0.505363,-0.257808,-0.27561,1.116,0.0865312,-0.289286,1.052,-1,1,0.0495709,-0.172272,1.37415,0.0473223,0.359941,1.352,0.46468,0.706573,0.832303,0.479226,0.120774,0.246773,0.46468,0.706573,0.832303,0.0018752,1.13561,1.9044,1.14101,0.00036839,0.00011066,2.72791e-05
304,0.00259498,0.977167,-0.212455,-0.505363,-0.257808,-0.27561,1.116,0.0865312,-0.289286,1.052,-1,1,0.0496125,-0.185417,1.3785,0.0473223,0.359941,1.352,0.466212,0.705781,0.830359,0.787236,0.260579,0.228335,0.466212,0.705781,0.830359,0.00152691,1.09206,1.88307,1.69764,0.000427019,4.97686e-05,1.27444e-05
307,0.00259498,0.977167,-0.212455,-0.505363,-0.257808,-0.27561,1.116,0.0865312,-0.289286,1.052,-1,1,0.0558179,-0.191227,1.3725,0.0473223,0.359941,1.352,0.465342,0.705057,0.831034,0.816112,0.262398,0.280107,0.465342,0.705057,0.831034,0.00147797,2.58179,1.02841,1.80486,0.00039546,4.81128e-05,1.42281e-05
309,0.00259498,0.977167,-0.212455,-0.505363,-0.257808,-0.27561,1.116,0.0865312,-0.289286,1.052,-1,1,0.0525131,-0.188774,1.37426,0.0473223,0.359941,1.352,0.463028,0.705187,0.831964,0.255256,0.307116,0.447533,0.463028,0.705187,0.831964,0.00123592,1.0682,2.75435,1.07015,0.000458432,5.73006e-05,1.59962e-05
311,0.00259498,0.977167,-0.212455,-0.505363,-0.257808,-0.27561,1.116,0.0865312,-0.289286,1.052,-1,1,0.0507332,-0.175627,1.38047,0.0473223,0.359941,1.352,0.4617,0.704425,0.830316,0.146589,0.414457,0.49562,0.4617,0.704425,0.830316,0.00127232,1.25294,1.2797,1.85561,0.000371745,8.74836e-05,1.42507e-05
314,0.00259498,0.977167,-0.212455,-0.505363,-0.257808,-0.27561,1.116,0.0865312,-0.289286,1.052,-1,1,0.0464683,-0.171727,1.382,0.0473223,0.359941,1.352,0.461776,0.703401,0.827776,0.297916,0.412581,0.289218,0.461776,0.703401,0.827776,0.00150976,1.0394,1.52382,1.55516,0.000312013,6.3965e-05,9.17595e-06
316,0.00259498,0.977167,-0.212455,-0.505363,-0.257808,-0.27561,1.116,0.0865312,-0.289286,1.052,-1,1,0.0510203,-0.188526,1.37553,0.0473223,0.359941,1.352,0.460696,0.703967,0.829035,0.33741,0.419191,0.255079,0.460696,0.703967,0.829035,0.00136125,2.25105,1.0489,1.11722,0.000432287,4.09103e-05,1.05432e-05
319,0.00259498,0.977167,-0.212455,-0.505363,-0.257808,-0.27561,1.116,0.0865312,-0.289286,1.052,-1,1,0.0533431,-0.190877,1.3735,0.0473223,0.359941,1.352,0.460812,0.70439,0.828615,0.39441,0.495439,0.251298,0.460812,0.70439,0.828615,0.0010454,2.03037,1.28233,1.19701,0.000404921,5.25608e-05,1.25778e-05
321,0.00259498,0.977167,-0.212455,-0.505363,-0.257808,-0.27561,1.116,0.0865312,-0.289286,1.052,-1,1,0.0542643,-0.191006,1.37409,0.0473223,0.359941,1.352,0.460002,0.704129,0.828946,0.148216,0.615702,0.730939,0.460002,0.704129,0.828946,0.00067064,2.53851,1.04165,1.20407,0.000408519,4.78621e-05,1.06131e-05
323,0.00259498,0.977167,-0.212455,-0.505363,-0.257808,-0.27561,1.116,0.0865312,-0.289286,1.052,-1,1,0.0516127,-0.184851,1.37682,0.0473223,0.359941,1.352,0.456723,0.705496,0.830984,0.0932755,0.615682,0.677146,0.456723,0.705496,0.830984,0.00103279,1.0357,1.03148,1.27617,0.000441699,5.41948e-05,7.80194e-06
325,0.00259498,0.977167,-0.212455,-0.505363,-0.257808,-0.27561,1.116,0.0865312,-0.289286,1.052,-1,1,0.0490264,-0.170914,1.37761,0.0473223,0.359941,1.352,0.457079,0.705746,0.832319,0.245825,0.580159,0.795858,0.457079,0.705746,0.832319,0.00119678,1.24508,1.11326,1.67506,0.000291203,0.00013361,2.01378e-05
327,0.00259498,0.977167,-0.212455,-0.505363,-0.257808,-0.27561,1.116,0.0865312,-0.289286,1.052,-1,1,0.0354401,-0.146532,1.34428,0.0473223,0.359941,1.352,0.472809,0.713724,0.836891,0.728,0.65793,0.651294,0.600404,0.685827,0.744092,0.00464808,1.04475,1.35188,1.13443,0.000283973,0.00012314,1.73883e-05
330,0.00259498,0.977167,-0.212455,-0.505363,-0.257808,-0.27561,1.116,0.0865312,-0.289286,1.052,-1,1,0.0184178,-0.147016,1.33921,0.0473223,0.359941,1.352,0.489223,0.727013,0.8408,0.756691,0.65086,0.571289,0.622957,0.688936,0.706045,0.00836574,1.00923,1.12539,1.15131,0.000420605,2.50749e-05,9.7392e-06
332,0.00259498,0.977167,-0.212455,-0.505363,-0.257808,-0.27561,1.116,0.0865312,-0.289286,1.052,-1,1,0.00663839,-0.164091,1.32863,0.0473223,0.359941,1.352,0.499047,0.747251,0.848434,0.701543,0.695874,0.572012,0.600295,0.721562,0.710223,0.012764,1.01485,1.02146,1.09964,0.000464564,2.71383e-05,7.56708e-06
334,0.00259498,0.977167,-0.212455,-0.505363,-0.257808,-0.27561,1.116,0.0865312,-0.289286,1.052,-1,1,-0.00667631,-0.180699,1.33249,0.0473223,0.359941,1.352,0.499624,0.771724,0.856894,0.605586,0.781434,0.585376,0.552605,0.776579,0.721135,0.0140132,1.01539,1.04806,1.02599,0.000262348,1.92454e-05,7.06865e-06
337,0.00259498,0.977167,-0.212455,-0.505363,-0.257808,-0.27561,1.116,0.0865312,-0.289286,1.052,-1,1,-0.00917529,-0.202854,1.33097,0.0473223,0.359941,1.352,0.486071,0.79957,0.869062,0.474454,0.905295,0.625306,0.480262,0.852433,0.747184,0.0150405,1.02721,1.07343,1.08628,0.000332499,5.19903e-05,1.05375e-05
340,0.00259498,0.977167,-0.212455,-0.505363,-0.257808,-0.27561,1.116,0.0865312,-0.289286,1.052,-1,1,-0.00533309,-0.217553,1.30838,0.0473223,0.359941,1.352,0.458513,0.823497,0.882551,0.325223,0.941688,0.653201,0.391868,0.882592,0.767876,0.0162599,1.03393,1.10833,1.17701,0.000380704,9.6227e-05,9.41063e-06
342,0.00259498,0.977167,-0.212455,-0.505363,-0.257808,-0.27561,1.116,0.0865312,-0.289286,1.052,-1,1,-0.00709052,-0.222287,1.30235,0.0473223,0.359941,1.352,0.430243,0.842773,0.896258,0.21131,0.818243,0.667452,0.320776,0.830508,0.781855,0.0172105,1.00399,1.08593,1.20154,0.000302982,0.000149546,9.25659e-06
345,0.00259498,0.977167,-0.212455,-0.505363,-0.257808,-0.27561,1.116,0.0865312,-0.289286,1.052,-1,1,-0.0158025,-0.224088,1.31711,0.0473223,0.359941,1.352,0.408421,0.854202,0.901701,0.135051,0.734478,0.642156,0.271736,0.79434,0.771928,0.0161406,1.00819,1.02397,1.14926,0.000291603,0.000130795,9.63317e-06
347,0.00259498,0.977167,-0.212455,-0.505363,-0.257808,-0.27561,1.116,0.0865312,-0.289286,1.052,-1,1,-0.0179481,-0.223988,1.31585,0.0516695,0.369032,1.342,0.377925,0.862337,0.907483,0.113036,0.700744,0.636929,0.24548,0.781541,0.772206,0.0133613,1.0051,1.0048,1.05787,0.000351273,0.000114691,8.29171e-06
349,0.00259498,0.977167,-0.212455,-0.505363,-0.257808,-0.27561,1.116,0.0865312,-0.289286,1.052,-1,1,-0.019333,-0.224987,1.31251,0.0516695,0.369032,1.342,0.369975,0.8691,0.912132,0.115246,0.701839,0.630926,0.24261,0.78547,0.771529,0.00955784,1.01309,1.00245,1.01037,0.000315884,0.000122356,6.55916e-06
351,0.00259498,0.977167,-0.212455,-0.505363,-0.257808,-0.27561,1.116,0.0865312,-0.289286,1.052,-1,1,-0.0214207,-0.226275,1.31053,0.0516695,0.369032,1.342,0.366572,0.872714,0.910735,0.151121,0.740521,0.621043,0.258846,0.806618,0.765889,0.00644718,1.12165,1.01559,1.00037,0.000310644,0.000133273,6.60577e-06
354,0.00259498,0.977167,-0.212455,-0.505363,-0.257808,-0.27561,1.116,0.0865312,-0.289286,1.052,-1,1,-0.0206516,-0.226638,1.31005,0.0516695,0.369032,1.342,0.364765,0.874509,0.908002,0.233126,0.77891,0.506216,0.298946,0.82671,0.707109,0.00434478,1.02216,1.1458,1.02451,0.000305416,0.000115887,5.94426e-06
356,0.00259498,0.977167,-0.212455,-0.505363,-0.257808,-0.27561,1.116,0.0865312,-0.289286,1.052,-1,1,-0.0213853,-0.226409,1.31024,0.0516695,0.369032,1.342,0.363684,0.877059,0.909175,0.332849,0.751968,0.39637,0.363684,0.877059,0.909175,0.00291775,1.24894,1.05033,1.07216,0.000324781,0.000113196,5.42491e-06
359,0.00259498,0.977167,-0.212455,-0.505363,-0.257808,-0.27561,1.116,0.0865312,-0.289286,1.052,-1,1,-0.0219991,-0.226537,1.31244,0.0166363,0.368674,1.358,0.366803,0.878656,0.909709,0.357893,0.810117,0.444908,0.366803,0.878656,0.909709,0.00208126,1.00815,1.12929,1.04956,0.000348048,8.57189e-05,4.71796e-06
361,0.00259498,0.977167,-0.212455,-0.505363,-0.257808,-0.27561,1.116,0.0865312,-0.289286,1.052,-1,1,-0.0245285,-0.226445,1.31525,0.0166363,0.368674,1.358,0.366287,0.879352,0.908682,0.354894,0.905824,0.54654,0.366287,0.879352,0.908682,0.00140517,1.18088,1.0019,1.01602,0.000412892,0.000154227,6.20388e-06
363,0.00259498,0.977167,-0.212455,-0.505363,-0.257808,-0.27561,1.116,0.0865312,-0.289286,1.052,-1,1,-0.037193,-0.221716,1.29957,0.0166363,0.368674,1.358,0.367143,0.884427,0.909386,0.475241,0.899262,0.506658,0.367143,0.884427,0.909386,0.00211092,1.13426,1.05132,1.05597,0.00125033,7.03391e-05,7.7701e-06
366,0.00259498,0.977167,-0.212455,-0.505363,-0.257808,-0.27561,1.116,0.0865312,-0.289286,1.052,-1,1,-0.0199441,-0.228002,1.31448,0.0166363,0.368674,1.358,0.366831,0.883562,0.908534,0.500211,0.819864,0.425074,0.366831,0.883562,0.908534,0.00203197,1.46087,1.05738,1.0275,0.000352258,7.42055e-05,1.18646e-06
369,0.00259498,0.977167,-0.212455,-0.505363,-0.257808,-0.27561,1.116,0.0865312,-0.289286,1.052,-1,1,-0.0220408,-0.227587,1.31587,0.0166363,0.368674,1.358,0.366577,0.882758,0.90726,0.516827,0.776385,0.38285,0.366577,0.882758,0.90726,0.00201499,1.00979,1.57679,1.0529,0.000430849,6.86592e-05,1.31544e-06
371,0.00259498,0.977167,-0.212455,-0.505363,-0.257808,-0.27561,1.116,0.0865312,-0.289286,1.052,-1,0,-0.0226701,-0.227601,1.3164,0.036358,0.409966,1.385,0.296149,0.882244,0.906352,0.45507,0.316837,0.188139,0.296149,0.882244,0.906352,0.000976434,1.00067,1.5965,1.62355,0.000426581,7.66475e-05,1.6557e-06
374,0.00259498,0.977167,-0.212455,-0.505363,-0.257808,-0.27561,1.116,0.0865312,-0.289286,1.052,-1,0,-0.0220569,-0.22806,1.31777,0.036358,0.409966,1.385,0.295835,0.881345,0.906106,0.441205,0.285351,0.228688,0.295835,0.881345,0.906106,0.00092252,1.10985,1.00988,1.59613,0.000415434,6.98953e-05,2.13767e-06
376,0.00259498,0.977167,-0.212455,-0.505363,-0.257808,-0.27561,1.116,0.0865312,-0.289286,1.052,-1,0,-0.0217229,-0.227768,1.31569,0.036358,0.409966,1.385,0.29502,0.875402,0.904214,0.449851,0.158789,0.365476,0.29502,0.875402,0.904214,0.00207916,1.00166,1.07888,2.00253,0.00043844,9.50379e-05,1.89641e-06
378,0.00259498,0.977167,-0.212455,-0.505363,-0.257808,-0.27561,1.116,0.0865312,-0.289286,1.052,-1,0,-0.0208013,-0.227968,1.31595,0.036358,0.409966,1.385,0.295053,0.875317,0.903789,0.455022,0.147578,0.378305,0.295053,0.875317,0.903789,0.00191537,1.05089,1.01589,1.06157,0.00040787,8.52029e-05,3.01886e-06
381,0.00259498,0.977167,-0.212455,-0.505363,-0.257808,-0.27561,1.116,0.0865312,-0.289286,1.052,-1,0,-0.0209345,-0.228069,1.31484,0.036358,0.409966,1.385,0.294911,0.875288,0.90416,0.456265,0.14116,0.393629,0.294911,0.875288,0.90416,0.00176228,4.88288,1.00279,1.04782,0.000404831,0.000100187,1.90166e-06
383,0.00259498,0.977167,-0.212455,-0.505363,-0.257808,-0.27561,1.116,0.0865312,-0.289286,1.052,-1,0,-0.0232535,-0.227719,1.31526,0.036358,0.409966,1.385,0.294826,0.875627,0.904376,0.256746,0.805046,0.727409,0.294826,0.875627,0.904376,0.000305052,1.24238,1.14885,1.05179,0.000529235,8.9737e-05,1.93084e-06
386,0.00259498,0.977167,-0.212455,-0.505363,-0.257808,-0.27561,1.116,0.0865312,-0.289286,1.052,-1,0,-0.0662274,-0.221918,1.34934,0.036358,0.409966,1.385,0.296292,0.878836,0.892138,0.522949,0.569951,0.18183,0.409621,0.724393,0.536984,0.00383418,1.02701,1.01248,1.42975,0.000300935,6.26301e-05,2.16893e-06
388,0.00259498,0.977167,-0.212455,-0.505363,-0.257808,-0.27561,1.116,0.0865312,-0.289286,1.052,-1,0,-0.0183142,-0.228992,1.30971,0.036358,0.409966,1.385,0.29587,0.879302,0.894003,0.519298,0.589875,0.20046,0.407584,0.734588,0.547231,0.00419401,1.27369,1.08417,1.48822,0.00049332,0.000112283,1.55923e-06
391,0.00259498,0.977167,-0.212455,-0.505363,-0.257808,-0.27561,1.116,0.0865312,-0.289286,1.052,-1,0,-0.0199304,-0.228414,1.31179,0.036358,0.409966,1.385,0.295646,0.879914,0.895115,0.517414,0.603451,0.213071,0.40653,0.741682,0.554093,0.00439318,1.01196,1.44171,1.023,0.000486609,0.000111538,1.53073e-06
393,0.00259498,0.977167,-0.212455,-0.505363,-0.257808,-0.27561,1.116,0.0865312,-0.289286,1.052,-1,0,-0.0135724,-0.229446,1.30513,0.036358,0.409966,1.385,0.295176,0.880237,0.898257,0.446204,0.566395,0.953842,0.295176,0.880237,0.898257,0.00156824,1.01874,1.86131,2.27277,0.000341061,0.000121209,1.58332e-06
396,0.00259498,0.977167,-0.212455,-0.505363,-0.257808,-0.27561,1.116,0.0865312,-0.289286,1.052,-1,0,-0.0624056,-0.222376,1.34119,0.036358,0.409966,1.385,0.296257,0.883195,0.887569,0.511,0.633548,0.245515,0.403629,0.758372,0.566542,0.00425315,1.65784,1.66378,1.00317,0.000277032,5.8414e-05,1.80546e-06
399,0.00259498,0.977167,-0.212455,-0.505363,-0.257808,-0.27561,1.116,0.0865312,-0.289286,1.052,-1,0,-0.0649501,-0.222005,1.34581,0.036358,0.409966,1.385,0.296174,0.883605,0.888578,0.515691,0.626649,0.237949,0.405933,0.755127,0.563263,0.00421899,1.15146,1.95103,1.00123,0.000277113,6.7453e-05,1.31485e-06
402,0.00259498,0.977167,-0.212455,-0.505363,-0.257808,-0.27561,1.116,0.0865312,-0.289286,1.052,-1,0,-0.0203333,-0.228752,1.31331,0.036358,0.409966,1.385,0.296278,0.883326,0.887465,0.52273,0.569186,0.181027,0.409504,0.726256,0.534246,0.00367665,10.3876,1.0016,2.45164,0.00051392,8.39032e-05,2.06364e-06
404,0.00259498,0.977167,-0.212455,-0.505363,-0.257808,-0.27561,1.116,0.0865312,-0.289286,1.052,-1,0,-0.0647831,-0.222128,1.34552,0.036358,0.409966,1.385,0.297416,0.885416,0.873511,0.519272,0.538916,0.15698,0.408344,0.712166,0.515245,0.00429056,1.00546,1.00233,1.0082,0.00028179,7.66983e-05,9.75222e-07
407,0.00259498,0.977167,-0.212455,-0.505363,-0.257808,-0.27561,1.116,0.0865312,-0.289286,1.052,-1,0,-0.0685017,-0.221365,1.34956,0.036358,0.409966,1.385,0.298595,0.88654,0.854533,0.513532,0.512099,0.139075,0.406063,0.699319,0.496804,0.00878064,1.00015,1.00098,1.00639,0.000295779,7.65085e-05,1.21306e-06
409,0.00259498,0.977167,-0.212455,-0.505363,-0.257808,-0.27561,1.116,0.0865312,-0.289286,1.052,-1,0,-0.0218073,-0.228421,1.3137,0.036358,0.409966,1.385,0.297874,0.884752,0.867298,0.518285,0.512772,0.134674,0.40808,0.698762,0.500986,0.0117988,5.40785,1.0038,1.002,0.000577051,9.62705e-05,1.3597e-06
412,0.00259498,0.977167,-0.212455,-0.505363,-0.257808,-0.27561,1.116,0.0865312,-0.289286,1.052,-1,0,-0.069348,-0.221089,1.34904,0.036358,0.409966,1.385,0.298044,0.884905,0.865861,0.523293,0.475869,0.0994813,0.410669,0.680387,0.482671,0.00840313,1.25199,2.04425,1.00373,0.000312878,7.31641e-05,1.27918e-06
415,0.00259498,0.977167,-0.212455,-0.505363,-0.257808,-0.27561,1.116,0.0865312,-0.289286,1.052,-1,0,-0.0690651,-0.220983,1.34912,0.036358,0.409966,1.385,0.299059,0.886342,0.84961,0.528334,0.484931,0.114024,0.413696,0.685637,0.481817,0.00772733,1.00006,1.00529,1.00033,0.000304229,7.04963e-05,1.10178e-06
417,0.00259498,0.977167,-0.212455,-0.505363,-0.257808,-0.27561,1.116,0.0865312,-0.289286,1.052,-1,0,-0.068054,-0.221204,1.34914,0.036358,0.409966,1.385,0.299256,0.886146,0.848135,0.517472,0.515105,0.144975,0.408364,0.700626,0.496555,0.0047653,1.00152,4.9418,1.00055,0.000294813,6.62161e-05,1.54666e-06
420,0.00259498,0.977167,-0.212455,-0.505363,-0.257808,-0.27561,1.116,0.0865312,-0.289286,1.052,-1,0,-0.0200503,-0.228912,1.31252,0.036358,0.409966,1.385,0.298293,0.885048,0.864726,0.56096,0.536669,0.164475,0.429626,0.710859,0.5146,0.00849354,1.17392,12.3644,1.00443,0.000500937,8.22354e-05,2.29077e-06
422,0.00259498,0.977167,-0.212455,-0.505363,-0.257808,-0.27561,1.116,0.0865312,-0.289286,1.052,-1,0,-0.0716994,-0.220551,1.35249,0.036358,0.409966,1.385,0.29932,0.886032,0.847449,0.538757,0.449644,0.0798868,0.419039,0.667838,0.463668,0.00867435,54.7349,1.00085,1.00118,0.000378083,6.83864e-05,1.41656e-06
425,0.00259498,0.977167,-0.212455,-0.505363,-0.257808,-0.27561,1.116,0.0865312,-0.289286,1.052,-1,0,-0.0685514,-0.221355,1.34922,0.036358,0.409966,1.385,0.299281,0.885866,0.847526,0.513478,0.332928,0.0716197,0.406379,0.609397,0.459573,0.00840021,1.02224,17.4465,1.00484,0.000326651,8.48202e-05,1.08332e-06
429,0.00259498,0.977167,-0.212455,-0.505363,-0.257808,-0.27561,1.116,0.0865312,-0.289286,1.052,-1,0,-0.0686331,-0.22133,1.34979,0.036358,0.409966,1.385,0.299212,0.885669,0.847426,0.51265,0.504752,0.135412,0.405931,0.69521,0.491419,0.00436081,1.07022,1.49111,1.00089,0.00028195,6.45104e-05,1.30607e-06
432,0.00259498,0.977167,-0.212455,-0.505363,-0.257808,-0.27561,1.116,0.0865312,-0.289286,1.052,-1,0,-0.0680868,-0.221333,1.3491,0.036358,0.409966,1.385,0.299173,0.885689,0.847441,0.399883,0.221961,0.494369,0.299173,0.885689,0.847441,0.00012426,1.13975,1.01357,1.24567,0.000292695,5.77738e-05,1.4977e-06
434,0.00259498,0.977167,-0.212455,-0.505363,-0.257808,-0.27561,1.116,0.0865312,-0.289286,1.052,-1,0,-0.0680246,-0.221169,1.34856,0.036358,0.409966,1.385,0.299845,0.886207,0.830333,0.507088,0.500199,0.13829,0.403467,0.693203,0.484312,0.0041007,1.00253,1.03574,1.00546,0.000327693,6.50249e-05,1.14308e-06
436,0.00259498,0.977167,-0.212455,-0.505363,-0.257808,-0.27561,1.116,0.0865312,-0.289286,1.052,-1,0,-0.0154567,-0.229485,1.30782,0.036358,0.409966,1.385,0.299016,0.886017,0.850948,0.481721,0.532186,0.902192,0.390369,0.709101,0.87657,0.00886824,11.0659,1.08205,1.46688,0.000382405,0.00013273,1.6232e-06
438,0.00259498,0.977167,-0.212455,-0.505363,-0.257808,-0.27561,1.116,0.0865312,-0.289286,1.052,-1,0,-0.0707619,-0.220675,1.3524,0.036358,0.409966,1.385,0.299182,0.885736,0.849756,0.500813,0.505762,0.873576,0.399998,0.695749,0.861666,0.00912135,1.11211,15.8011,1.12408,0.000365066,5.86858e-05,1.39208e-06
440,0.00259498,0.977167,-0.212455,-0.505363,-0.257808,-0.27561,1.116,0.0865312,-0.289286,1.052,-1,0,-0.0711324,-0.2208,1.35321,0.036358,0.409966,1.385,0.299295,0.885464,0.848467,0.487564,0.480001,0.849931,0.393429,0.682732,0.849199,0.00537216,1.00038,4.93568,29.614,0.000339623,6.43332e-05,2.36163e-06
442,0.00259498,0.977167,-0.212455,-0.505363,-0.257808,-0.27561,1.116,0.0865312,-0.289286,1.052,-1,0,-0.0676507,-0.221311,1.34949,0.036358,0.409966,1.385,0.299328,0.885304,0.848419,0.540439,0.398351,0.0315153,0.299328,0.885304,0.848419,0.000585932,1.11145,1.12894,4.72261,0.00032267,6.03655e-05,1.32726e-06
444,0.00259498,0.977167,-0.212455,-0.505363,-0.257808,-0.27561,1.116,0.0865312,-0.289286,1.052,-1,0,-0.0676713,-0.221422,1.34879,0.036358,0.409966,1.385,0.299274,0.885206,0.84842,0.522562,0.355769,0.0470263,0.299274,0.885206,0.84842,0.000356319,1.04582,1.11527,2.74488,0.000297788,6.13972e-05,1.29895e-06
446,0.00259498,0.977167,-0.212455,-0.505363,-0.257808,-0.27561,1.116,0.0865312,-0.289286,1.052,-1,0,-0.0711248,-0.220729,1.35234,0.036358,0.409966,1.385,0.300028,0.88524,0.827823,0.507525,0.48895,0.128637,0.403776,0.687095,0.47823,0.0048597,1.0091,1.00412,17.3083,0.000355161,5.8634e-05,1.36178e-06
448,0.00259498,0.977167,-0.212455,-0.505363,-0.257808,-0.27561,1.116,0.0865312,-0.289286,1.052,-1,0,-0.0706912,-0.220732,1.35234,0.036358,0.409966,1.385,0.300014,0.885244,0.827854,0.506815,0.491585,0.131245,0.403414,0.688414,0.47955,0.004828,1.00295,1.01789,1.00538,0.000369154,5.3431e-05,1.45761e-06
450,0.00259498,0.977167,-0.212455,-0.505363,-0.257808,-0.27561,1.116,0.0865312,-0.289286,1.052,-1,0,-0.0674753,-0.221741,1.35027,0.036358,0.409966,1.385,0.299872,0.88529,0.829267,0.50634,0.494491,0.133519,0.403106,0.689891,0.481393,0.00511414,1.00132,1.14606,1.00704,0.000283506,6.39897e-05,1.14493e-06
452,0.00259498,0.977167,-0.212455,-0.505363,-0.257808,-0.27561,1.116,0.0865312,-0.289286,1.052,-1,0,-0.0172029,-0.229266,1.31051,0.036358,0.409966,1.385,0.299201,0.884965,0.847547,0.483635,0.488241,0.857568,0.391418,0.686603,0.852558,0.00460969,1.00019,47.7191,43.1274,0.000478322,9.52357e-05,2.19007e-06
454,0.00259498,0.977167,-0.212455,-0.505363,-0.257808,-0.27561,1.116,0.0865312,-0.289286,1.052,-1,0,-0.0678654,-0.221497,1.35042,0.036358,0.409966,1.385,0.299202,0.88467,0.847085,0.483706,0.483223,0.852229,0.391454,0.683946,0.849657,0.0047116,1.04368,1.00025,30.189,0.000294165,5.38479e-05,1.68798e-06
456,0.00259498,0.977167,-0.212455,-0.505363,-0.257808,-0.27561,1.116,0.0865312,-0.289286,1.052,-1,0,-0.0711018,-0.220656,1.35246,0.036358,0.409966,1.385,0.299227,0.884637,0.84705,0.485799,0.481526,0.850487,0.392513,0.683081,0.848769,0.00440241,1.01506,1.04338,28.2525,0.000356354,5.86151e-05,1.79909e-06
458,0.00259498,0.977167,-0.212455,-0.505363,-0.257808,-0.27561,1.116,0.0865312,-0.289286,1.052,-1,0,-0.0705378,-0.221087,1.35339,0.036358,0.409966,1.385,0.299151,0.884409,0.846808,0.480453,0.248869,0.178297,0.299151,0.884409,0.846808,0.00019387,1.03609,1.02772,1.06608,0.000356932,4.76402e-05,1.89127e-06
460,0.00259498,0.977167,-0.212455,-0.505363,-0.257808,-0.27561,1.116,0.0865312,-0.289286,1.052,-1,0,-0.0705168,-0.220884,1.35222,0.036358,0.409966,1.385,0.299303,0.884513,0.845814,0.525244,0.457445,0.0896056,0.299303,0.884513,0.845814,0.000332175,1.15209,1.04934,1.1332,0.000362847,4.98239e-05,1.14955e-06
462,0.00259498,0.977167,-0.212455,-0.505363,-0.257808,-0.27561,1.116,0.0865312,-0.289286,1.052,-1,0,-0.0672202,-0.221423,1.34984,0.036358,0.409966,1.385,0.299936,0.884636,0.827433,0.507851,0.492892,0.132895,0.403893,0.688764,0.480164,0.00459659,1.00054,1.00984,22.8321,0.000280412,6.04473e-05,1.52999e-06
464,0.00259498,0.977167,-0.212455,-0.505363,-0.257808,-0.27561,1.116,0.0865312,-0.289286,1.052,-1,0,-0.0670492,-0.221622,1.34972,0.036358,0.409966,1.385,0.299929,0.884651,0.827755,0.509315,0.497232,0.137007,0.404622,0.690942,0.482381,0.00459371,1.03425,1.00056,1.0163,0.00029211,5.87719e-05,1.56139e-06
466,0.00259498,0.977167,-0.212455,-0.505363,-0.257808,-0.27561,1.116,0.0865312,-0.289286,1.052,-1,0,-0.0669176,-0.221402,1.34933,0.036358,0.409966,1.385,0.299866,0.884639,0.829286,0.507688,0.496502,0.135683,0.403777,0.69057,0.482484,0.00469807,1.00033,1.20696,1.00083,0.00030378,6.2599e-05,1.52331e-06
468,0.00259498,0.977167,-0.212455,-0.505363,-0.257808,-0.27561,1.116,0.0865312,-0.289286,1.052,-1,0,-0.0675805,-0.221359,1.34903,0.036358,0.409966,1.385,0.29986,0.88507,0.830947,0.492276,0.54248,0.902517,0.29986,0.88507,0.830947,0.000775905,1.0149,1.39189,1.40149,0.000294917,5.85286e-05,1.31367e-06
470,0.00259498,0.977167,-0.212455,-0.505363,-0.257808,-0.27561,1.116,0.0865312,-0.289286,1.052,-1,0,-0.0668953,-0.221426,1.34819,0.036358,0.409966,1.385,0.29981,0.885325,0.832623,0.491114,0.547488,0.907977,0.29981,0.885325,0.832623,0.00106702,1.0026,1.00787,1.6147,0.000307999,5.47186e-05,1.12024e-06
472,0.00259498,0.977167,-0.212455,-0.505363,-0.257808,-0.27561,1.116,0.0865312,-0.289286,1.052,-1,0,-0.0157426,-0.229834,1.3079,0.036358,0.409966,1.385,0.298924,0.885302,0.851703,0.482983,0.50181,0.872957,0.390953,0.693556,0.86233,0.00517724,1.00085,1.00075,6.79847,0.000374874,0.000106401,2.42106e-06
474,0.00259498,0.977167,-0.212455,-0.505363,-0.257808,-0.27561,1.116,0.0865312,-0.289286,1.052,-1,0,-0.0676418,-0.221343,1.34956,0.036358,0.409966,1.385,0.298976,0.885429,0.851652,0.483133,0.498273,0.869522,0.391055,0.691851,0.860587,0.00487032,1.01593,1.00286,1.00058,0.000313044,5.87045e-05,1.12437e-06
476,0.00259498,0.977167,-0.212455,-0.505363,-0.257808,-0.27561,1.116,0.0865312,-0.289286,1.052,-1,0,-0.0678009,-0.221196,1.34897,0.036358,0.409966,1.385,0.298991,0.885652,0.851617,0.483304,0.498828,0.870138,0.391148,0.69224,0.860877,0.00457214,1.00677,1.03467,1.00107,0.000311642,5.7577e-05,1.61893e-06
478,0.00259498,0.977167,-0.212455,-0.505363,-0.257808,-0.27561,1.116,0.0865312,-0.289286,1.052,-1,0,-0.0675537,-0.22153,1.34855,0.036358,0.409966,1.385,0.298933,0.885751,0.851757,0.505316,0.86522,0.531469,0.298933,0.885751,0.851757,0.000143569,1.2398,1.01982,1.02916,0.000291679,6.32228e-05,1.19303e-06
480,0.00259498,0.977167,-0.212455,-0.505363,-0.257808,-0.27561,1.116,0.0865312,-0.289286,1.052,-1,0,-0.0621005,-0.222569,1.3438,0.036358,0.409966,1.385,0.298716,0.885824,0.853637,0.456992,0.568387,0.940839,0.298716,0.885824,0.853637,0.000538759,1.01881,1.34678,1.00195,0.00020597,6.63523e-05,1.09315e-06
482,0.00259498,0.977167,-0.212455,-0.505363,-0.257808,-0.27561,1.116,0.0865312,-0.289286,1.052,-1,0,-0.0221658,-0.228348,1.31402,0.036358,0.409966,1.385,0.298997,0.88568,0.851057,0.503208,0.515589,0.145255,0.298997,0.88568,0.851057,0.00107341,6.51021,1.34481,1.06363,0.00053145,8.73219e-05,2.55265e-06
485,0.00259498,0.977167,-0.212455,-0.505363,-0.257808,-0.27561,1.116,0.0865312,-0.289286,1.052,-1,0,-0.067522,-0.221086,1.34789,0.036358,0.409966,1.385,0.299043,0.885984,0.851505,0.574143,0.67427,0.329654,0.299043,0.885984,0.851505,0.00115268,1.35112,9.3138,1.05396,0.000325244,6.49847e-05,1.41448e-06
487,0.00259498,0.977167,-0.212455,-0.505363,-0.257808,-0.27561,1.116,0.0865312,-0.289286,1.052,-1,0,-0.0216732,-0.228206,1.31407,0.036358,0.409966,1.385,0.298129,0.884745,0.867051,0.484875,0.470111,0.848325,0.391502,0.677428,0.857688,0.00459696,1.01036,1.08363,1.00393,0.000529074,9.91033e-05,1.89484e-06
489,0.00259498,0.977167,-0.212455,-0.505363,-0.257808,-0.27561,1.116,0.0865312,-0.289286,1.052,-1,0,-0.0618183,-0.222386,1.34155,0.036358,0.409966,1.385,0.297935,0.885068,0.869613,0.47973,0.482581,0.862151,0.388833,0.683825,0.865882,0.00460348,1.00328,1.26564,1.06156,0.000228041,6.41174e-05,1.33803e-06
