23,0.00488692,0.975755,-0.21881,-0.511958,-0.257808,-0.27561,1.116,0.0865312,-0.289286,1.052,-1,0,-0.0431297,-0.217681,1.25047,0,0,0,0.947354,0.0475709,0.0899182,2.15386e-10,0.919456,0.938633,0.473677,0.483514,0.514276,0.0846673,1,1,1,0.000451001,3.93967e-05,1.07511e-05
55,0.00488692,0.975755,-0.21881,-0.511958,-0.257808,-0.27561,1.116,0.0865312,-0.289286,1.052,-1,0,-0.0416791,-0.218189,1.25156,0.395032,0.469022,1.402,0.00769376,0.236029,0.369051,0.740185,0.889663,0.91292,0.373939,0.562846,0.640986,0.169409,1,1,1,0.00036044,3.77591e-05,1.23892e-05
57,0.00488692,0.975755,-0.21881,-0.511958,-0.257808,-0.27561,1.116,0.0865312,-0.289286,1.052,-1,0,-0.0418663,-0.21815,1.25101,0.287577,0.527653,1.611,0.00839863,0.624908,0.804768,0.721812,0.829026,0.851711,0.365105,0.726967,0.82824,0.254114,1,1,1,0.00036418,3.85717e-05,9.48979e-06
59,0.00488692,0.975755,-0.21881,-0.511958,-0.257808,-0.27561,1.116,0.0865312,-0.289286,1.052,-1,0,-0.042108,-0.218261,1.2506,0.287577,0.527653,1.611,0.030825,0.928833,0.997119,0.658366,0.670056,0.624289,0.344595,0.799445,0.810704,0.254127,1,1,1,0.000389198,3.43206e-05,9.48022e-06
62,0.00488692,0.975755,-0.21881,-0.511958,-0.257808,-0.27561,1.116,0.0865312,-0.289286,1.052,-1,0,-0.0421932,-0.218364,1.25135,0.287577,0.527653,1.611,0.0640457,0.940461,0.953623,0.577698,0.35341,0.225394,0.320872,0.646936,0.589509,0.254116,1,1,1,0.000370186,3.61536e-05,1.12422e-05
64,0.00488692,0.975755,-0.21881,-0.511958,-0.257808,-0.27561,1.116,0.0865312,-0.289286,1.052,-1,0,-0.0417713,-0.218383,1.25115,0.287577,0.527653,1.611,0.0640636,0.940186,0.95369,0.577626,0.353256,0.225161,0.320845,0.646721,0.589426,0.169522,1.00073,1,1,0.00038853,3.51993e-05,1.06798e-05
66,0.00488692,0.975755,-0.21881,-0.511958,-0.257808,-0.27561,1.116,0.0865312,-0.289286,1.052,-1,0,-0.0421297,-0.218117,1.25164,0.268806,0.543772,1.634,0.0566799,0.940251,0.95363,0.583587,0.353161,0.225296,0.320133,0.646706,0.589463,0.0848729,1.59349,1.0002,1,0.000397772,3.49785e-05,9.71887e-06
69,0.00488692,0.975755,-0.21881,-0.511958,-0.257808,-0.27561,1.116,0.0865312,-0.289286,1.052,-1,0,-0.0418854,-0.2186,1.25121,0.268806,0.543772,1.634,0.056654,0.940254,0.953623,0.462699,0.300465,0.500167,0.056654,0.940254,0.953623,0.00017516,1.43833,1.00024,1.00016,0.000384587,3.55488e-05,1.1057e-05
72,0.00488692,0.975755,-0.21881,-0.511958,-0.257808,-0.27561,1.116,0.0865312,-0.289286,1.052,-1,0,-0.0418774,-0.218664,1.25137,0.268806,0.543772,1.634,0.0566598,0.940149,0.953551,0.429548,0.457407,0.309885,0.0566598,0.940149,0.953551,0.000123868,1.06463,1.04398,1.00006,0.000370469,3.55858e-05,1.31268e-05
74,0.00488692,0.975755,-0.21881,-0.511958,-0.257808,-0.27561,1.116,0.0865312,-0.289286,1.052,-1,0,-0.0425595,-0.218127,1.25218,0.268806,0.543772,1.634,0.0566962,0.940111,0.953378,0.531677,0.385513,0.24889,0.0566962,0.940111,0.953378,0.000155524,1.13688,1.11257,1.00002,0.000385571,3.69043e-05,9.07608e-06
77,0.00488692,0.975755,-0.21881,-0.511958,-0.257808,-0.27561,1.116,0.0865312,-0.289286,1.052,-1,0,-0.0416658,-0.218192,1.25099,0.268806,0.543772,1.634,0.0567075,0.940101,0.953402,0.641124,0.331399,0.19347,0.0567075,0.940101,0.953402,0.000140584,1.43447,1.264,1.13769,0.000387102,3.60073e-05,1.20613e-05
80,0.00488692,0.975755,-0.21881,-0.511958,-0.257808,-0.27561,1.116,0.0865312,-0.289286,1.052,-1,0,-0.0419825,-0.218517,1.25102,0.15851,0.537146,1.589,0.085379,0.940162,0.953531,0.545394,0.661286,0.180567,0.085379,0.940162,0.953531,0.000130854,1.20956,2.70178,1.05692,0.000356466,3.92405e-05,1.35239e-05
82,0.00488692,0.975755,-0.21881,-0.511958,-0.257808,-0.27561,1.116,0.0865312,-0.289286,1.052,-1,0,-0.0418479,-0.218185,1.2508,0.15851,0.537146,1.589,0.0854051,0.94018,0.953573,0.443565,0.58554,0.820392,0.0854051,0.94018,0.953573,0.000106953,1.27927,3.2971,4.17459,0.000391251,3.67418e-05,1.02915e-05
85,0.00488692,0.975755,-0.21881,-0.511958,-0.257808,-0.27561,1.116,0.0865312,-0.289286,1.052,-1,0,-0.0420107,-0.218327,1.2517,0.15851,0.537146,1.589,0.0854527,0.940152,0.953493,0.519032,0.600184,0.714078,0.0854527,0.940152,0.953493,0.000121635,1.40053,1.56702,2.66766,0.000368718,3.72925e-05,1.35959e-05
88,0.00488692,0.975755,-0.21881,-0.511958,-0.257808,-0.27561,1.116,0.0865312,-0.289286,1.052,-1,0,-0.0419373,-0.218465,1.25133,0.15851,0.537146,1.589,0.0853937,0.940153,0.953699,0.534096,0.487548,0.788911,0.0853937,0.940153,0.953699,0.000145137,2.22197,1.04058,1.19248,0.000371124,3.81236e-05,1.13739e-05
91,0.00488692,0.975755,-0.21881,-0.511958,-0.257808,-0.27561,1.116,0.0865312,-0.289286,1.052,-1,0,-0.0418453,-0.218406,1.25126,0.0240199,0.518183,1.525,0.130185,0.940165,0.953653,0.303007,0.448816,0.892244,0.130185,0.940165,0.953653,0.00013219,1.62432,2.17026,1.08343,0.000373106,3.89642e-05,1.03637e-05
93,0.00488692,0.975755,-0.21881,-0.511958,-0.257808,-0.27561,1.116,0.0865312,-0.289286,1.052,-1,0,-0.0411221,-0.21861,1.25106,0.0240199,0.518183,1.525,0.130185,0.940015,0.953735,0.354909,0.361567,0.815658,0.130185,0.940015,0.953735,0.000157419,1.549,1.24224,1.25549,0.000370877,3.93575e-05,1.47125e-05
96,0.00488692,0.975755,-0.21881,-0.511958,-0.257808,-0.27561,1.116,0.0865312,-0.289286,1.052,-1,0,-0.0428634,-0.218062,1.25134,0.0240199,0.518183,1.525,0.130221,0.940127,0.95355,0.531971,0.458419,0.167868,0.130221,0.940127,0.95355,0.000160469,3.36903,2.54796,6.65876,0.000412419,4.16558e-05,1.04273e-05
99,0.00488692,0.975755,-0.21881,-0.511958,-0.257808,-0.27561,1.116,0.0865312,-0.289286,1.052,-1,0,-0.0427346,-0.217678,1.25187,0.0240199,0.518183,1.525,0.130321,0.940204,0.95342,0.709764,0.544823,0.11402,0.130321,0.940204,0.95342,0.000200564,1.05501,1.8443,2.03894,0.000384262,3.78311e-05,1.1632e-05
101,0.00488692,0.975755,-0.21881,-0.511958,-0.257808,-0.27561,1.116,0.0865312,-0.289286,1.052,-1,0,-0.0409854,-0.218528,1.25174,0.0240199,0.518183,1.525,0.130349,0.939998,0.953453,0.720483,0.482193,0.0604559,0.130349,0.939998,0.953453,0.000212135,2.35932,1.10593,3.98858,0.000402139,4.12863e-05,1.15734e-05
104,0.00488692,0.975755,-0.21881,-0.511958,-0.257808,-0.27561,1.116,0.0865312,-0.289286,1.052,-1,0,-0.0400373,-0.219229,1.24685,0.0240199,0.518183,1.525,0.129991,0.940199,0.954329,0.396756,0.524732,0.920255,0.129991,0.940199,0.954329,0.000457605,1.1905,2.02233,1.52328,0.000366495,3.76412e-05,1.1428e-05
106,0.00488692,0.975755,-0.21881,-0.511958,-0.257808,-0.27561,1.116,0.0865312,-0.289286,1.052,-1,0,-0.0402452,-0.218898,1.24705,0.0240199,0.518183,1.525,0.129727,0.940491,0.955022,0.367481,0.548517,0.931583,0.129727,0.940491,0.955022,0.000666327,1.00498,1.16616,1.31283,0.000354081,4.08549e-05,1.14162e-05
109,0.00488692,0.975755,-0.21881,-0.511958,-0.257808,-0.27561,1.116,0.0865312,-0.289286,1.052,-1,0,-0.0407266,-0.21153,1.24797,0.0240199,0.518183,1.525,0.130574,0.940178,0.955372,0.530597,0.518203,0.76966,0.130574,0.940178,0.955372,0.00110714,1.1626,1.08861,1.18833,0.000395779,3.59221e-05,5.75463e-06
112,0.00488692,0.975755,-0.21881,-0.511958,-0.257808,-0.27561,1.116,0.0865312,-0.289286,1.052,-1,0,-0.0453042,-0.198941,1.24281,0.0326933,0.5059,1.437,0.167683,0.940678,0.955419,0.731809,0.52081,0.559864,0.167683,0.940678,0.955419,0.00218289,1.01636,1.15886,1.06759,0.000325769,4.21819e-05,6.52339e-06
116,0.00488692,0.975755,-0.21881,-0.511958,-0.257808,-0.27561,1.116,0.0865312,-0.289286,1.052,-1,0,-0.0442865,-0.180355,1.25358,0.0326933,0.5059,1.437,0.175186,0.939037,0.952553,0.85556,0.457859,0.425697,0.515373,0.698448,0.689125,0.00446569,1.02888,1.04481,1.12797,0.000291315,3.62596e-05,7.05609e-06
118,0.00488692,0.975755,-0.21881,-0.511958,-0.257808,-0.27561,1.116,0.0865312,-0.289286,1.052,-1,0,-0.0407438,-0.16869,1.26239,0.0326933,0.5059,1.437,0.186281,0.934418,0.9467,0.922036,0.406964,0.34905,0.554159,0.670691,0.647875,0.00748074,1.0083,1.0392,1.07858,0.000344654,2.77854e-05,5.08328e-06
121,0.00488692,0.975755,-0.21881,-0.511958,-0.257808,-0.27561,1.116,0.0865312,-0.289286,1.052,-1,0,-0.03616,-0.157713,1.27478,0.0326933,0.5059,1.437,0.20099,0.926175,0.937846,0.965234,0.344146,0.291853,0.583112,0.635161,0.614849,0.0105692,1.00268,1.02936,1.05211,0.000334382,3.17822e-05,8.32634e-06
124,0.00488692,0.975755,-0.21881,-0.511958,-0.257808,-0.27561,1.116,0.0865312,-0.289286,1.052,-1,0,-0.0369762,-0.132732,1.28527,0.0326933,0.5059,1.437,0.221127,0.914209,0.924446,0.947812,0.303529,0.257632,0.584469,0.608869,0.591039,0.0138292,1.00007,1.00789,1.03021,0.000393058,2.97669e-05,3.50501e-06
126,0.00488692,0.975755,-0.21881,-0.511958,-0.257808,-0.27561,1.116,0.0865312,-0.289286,1.052,-1,1,-0.0443442,-0.0951468,1.26732,0.0485806,0.516908,1.461,0.224194,0.900071,0.908292,0.962655,0.290255,0.250353,0.593424,0.595163,0.579322,0.0174143,1.00563,1.00022,1.00881,0.000467157,1.38761e-05,1.03105e-05
128,0.00488692,0.975755,-0.21881,-0.511958,-0.257808,-0.27561,1.116,0.0865312,-0.289286,1.052,-1,1,-0.064119,-0.0197416,1.21381,0.0485806,0.516908,1.461,0.259796,0.888409,0.890987,0.903278,0.323196,0.279157,0.581537,0.605803,0.585072,0.0240374,1.02931,1.0306,1.00582,0.000225502,6.85941e-05,3.20074e-05
131,0.00488692,0.975755,-0.21881,-0.511958,-0.257808,-0.27561,1.116,0.0865312,-0.289286,1.052,-1,1,-0.12069,0.026424,1.19122,0.0485806,0.516908,1.461,0.301518,0.880298,0.859436,0.79254,0.364659,0.287627,0.547029,0.622479,0.573532,0.0330563,1.00892,1.05416,1.04323,7.95431e-05,3.02983e-06,1.30185e-06
133,0.00488692,0.975755,-0.21881,-0.511958,-0.257808,-0.27561,1.116,0.0865312,-0.289286,1.052,-1,1,-0.168037,0.00962525,1.19231,0.0485806,0.516908,1.461,0.331335,0.878598,0.818193,0.696218,0.39578,0.279861,0.513777,0.637189,0.549027,0.0411768,1.00887,1.03422,1.07256,0.000166914,8.56128e-06,2.08335e-06
136,0.00488692,0.975755,-0.21881,-0.511958,-0.257808,-0.27561,1.116,0.0865312,-0.289286,1.052,-1,1,-0.238794,-0.0100117,1.19786,0.0543926,0.528815,1.48,0.308403,0.887195,0.76582,0.593707,0.426069,0.253763,0.451055,0.656632,0.509791,0.0468575,1.01407,1.03928,1.07069,0.000411605,3.91326e-05,2.7879e-05
140,0.00488692,0.975755,-0.21881,-0.511958,-0.257808,-0.27561,1.116,0.0865312,-0.289286,1.052,-1,1,-0.138279,0.0660463,1.10479,0.0543926,0.528815,1.48,0.318658,0.869252,0.725423,0.533615,0.410923,0.261097,0.426136,0.640088,0.49326,0.048517,1.03985,1.01268,1.04469,2.65584e-05,1.2102e-05,4.91314e-06
142,0.00488692,0.975755,-0.21881,-0.511958,-0.257808,-0.27561,1.116,0.0865312,-0.289286,1.052,-1,1,-0.024354,0.0233075,1.09585,0.0543926,0.528815,1.48,0.315271,0.859018,0.734133,0.49731,0.406437,0.315368,0.40629,0.632727,0.524751,0.0420675,1.07965,1.06698,1.02597,0.000176243,2.31885e-05,5.85165e-06
145,0.00488692,0.975755,-0.21881,-0.511958,-0.257808,-0.27561,1.116,0.0865312,-0.289286,1.052,-1,1,0.0667149,-0.0415036,1.19557,0.0543926,0.528815,1.48,0.314858,0.853182,0.788674,0.503481,0.355101,0.534282,0.40917,0.604142,0.661478,0.0385692,1.29736,1.62821,1.18857,0.000571162,3.89182e-05,8.17281e-06
147,0.00488692,0.975755,-0.21881,-0.511958,-0.257808,-0.27561,1.116,0.0865312,-0.289286,1.052,-1,1,0.0880566,-0.0254625,1.25328,0.0543926,0.528815,1.48,0.331601,0.816033,0.830694,0.502322,0.34361,0.678695,0.416962,0.579822,0.754695,0.0397788,1.01086,1.77802,2.16529,0.00106489,3.18057e-05,5.11166e-06
149,0.00488692,0.975755,-0.21881,-0.511958,-0.257808,-0.27561,1.116,0.0865312,-0.289286,1.052,-1,1,0.107678,-0.00521636,1.28313,0.0494119,0.530958,1.486,0.351447,0.731624,0.852034,0.510708,0.284969,0.573604,0.431078,0.508296,0.712819,0.0547871,1.00262,1.05263,2.20073,0.00119497,3.01717e-05,5.12703e-06
152,0.00488692,0.975755,-0.21881,-0.511958,-0.257808,-0.27561,1.116,0.0865312,-0.289286,1.052,-1,1,0.100118,0.0202032,1.23647,0.0494119,0.530958,1.486,0.359273,0.668613,0.85569,0.511722,0.241218,0.492067,0.435498,0.454916,0.673879,0.0599066,1.01257,1.0084,1.25455,0.000605867,4.20254e-05,4.71595e-06
155,0.00488692,0.975755,-0.21881,-0.511958,-0.257808,-0.27561,1.116,0.0865312,-0.289286,1.052,-1,1,0.0125778,-0.0186911,1.16458,0.0494119,0.530958,1.486,0.356463,0.661525,0.856398,0.509867,0.244564,0.471811,0.433165,0.453045,0.664105,0.0481086,1.03724,1.02236,1.03578,0.000139139,9.45855e-05,1.62025e-05
157,0.00488692,0.975755,-0.21881,-0.511958,-0.257808,-0.27561,1.116,0.0865312,-0.289286,1.052,-1,1,-0.0993273,-0.0671334,1.16711,0.0494119,0.530958,1.486,0.345883,0.716819,0.863052,0.464115,0.426781,0.527546,0.404999,0.5718,0.695299,0.0356792,1.71292,1.45252,1.06628,0.000168003,5.18961e-05,1.37761e-05
160,0.00488692,0.975755,-0.21881,-0.511958,-0.257808,-0.27561,1.116,0.0865312,-0.289286,1.052,-1,1,-0.217033,-0.0476747,1.3119,0.0468112,0.530958,1.486,0.341821,0.791837,0.837784,0.438574,0.74228,0.416343,0.390198,0.767058,0.627063,0.0380316,1.01549,2.49212,2.32082,0.000127196,2.68542e-05,1.36983e-06
163,0.00488692,0.975755,-0.21881,-0.511958,-0.257808,-0.27561,1.116,0.0865312,-0.289286,1.052,-1,1,-0.363722,-0.0111439,1.27202,0.0468112,0.530958,1.486,0.312314,0.8783,0.773771,0.404722,0.667241,0.333388,0.358518,0.77277,0.55358,0.0635622,1.00588,1.01617,3.52756,0.000547078,2.31599e-05,8.88812e-06
167,0.00488692,0.975755,-0.21881,-0.511958,-0.257808,-0.27561,1.116,0.0865312,-0.289286,1.052,-1,1,-0.364492,0.0547721,1.23478,0.0468112,0.530958,1.486,0.277342,0.911153,0.662076,0.380474,0.551154,0.258569,0.328908,0.731153,0.460323,0.0832619,1.00099,1.00261,1.2744,0.000488177,4.28958e-05,1.51108e-05
170,0.00488692,0.975755,-0.21881,-0.511958,-0.257808,-0.27561,1.116,0.0865312,-0.289286,1.052,-1,1,-0.269654,0.0208006,1.19302,0.0468112,0.530958,1.486,0.256401,0.904944,0.573394,0.365362,0.476607,0.225934,0.310881,0.690776,0.399664,0.0815908,1.00175,1.00236,1.01086,0.000301774,3.55814e-05,4.45842e-06
173,0.00488692,0.975755,-0.21881,-0.511958,-0.257808,-0.27561,1.116,0.0865312,-0.289286,1.052,-1,1,-0.129981,-0.0726634,1.17037,0.0468112,0.530958,1.486,0.251753,0.905668,0.565631,0.375622,0.457238,0.2099,0.313688,0.681453,0.387765,0.0522409,1.00443,1.00179,1.00265,0.000198594,0.0001033,1.9643e-05
175,0.00488692,0.975755,-0.21881,-0.511958,-0.257808,-0.27561,1.116,0.0865312,-0.289286,1.052,-1,1,-0.0246573,-0.0842398,1.20212,0.0312075,0.530958,1.486,0.26356,0.922902,0.642461,0.308496,0.594701,0.373806,0.286028,0.758802,0.508133,0.0361472,1.29086,1.60494,1.01731,0.000240936,9.01282e-05,1.14302e-06
178,0.00488692,0.975755,-0.21881,-0.511958,-0.257808,-0.27561,1.116,0.0865312,-0.289286,1.052,-1,1,0.0979137,-0.0520715,1.27199,0.0312075,0.530958,1.486,0.296708,0.902538,0.764232,0.523583,0.425422,0.763107,0.410145,0.66398,0.76367,0.0479505,1.03034,2.79027,3.08663,0.000444295,2.62904e-05,2.85611e-06
180,0.00488692,0.975755,-0.21881,-0.511958,-0.257808,-0.27561,1.116,0.0865312,-0.289286,1.052,-1,1,0.128037,-0.00106,1.3026,0.0312075,0.530958,1.486,0.318157,0.832368,0.847585,0.497629,0.317787,0.6609,0.407893,0.575078,0.754242,0.079216,1.00239,1.03063,5.16463,0.000666476,2.09433e-05,2.93496e-06
183,0.00488692,0.975755,-0.21881,-0.511958,-0.257808,-0.27561,1.116,0.0865312,-0.289286,1.052,-1,1,0.170789,0.0677726,1.25387,0.0312075,0.530958,1.486,0.345114,0.70826,0.859692,0.49248,0.23253,0.529446,0.418797,0.470395,0.694569,0.0940566,1.0059,1.01263,1.21067,0.000558059,1.80862e-05,4.39441e-06
185,0.00488692,0.975755,-0.21881,-0.511958,-0.257808,-0.27561,1.116,0.0865312,-0.289286,1.052,-1,1,0.130109,0.0838577,1.20637,0.0312075,0.530958,1.486,0.390558,0.594728,0.81589,0.515592,0.173459,0.430915,0.453075,0.384094,0.623402,0.083539,1.02295,1.01864,1.01799,0.000286734,2.10225e-05,2.37542e-06
188,0.00488692,0.975755,-0.21881,-0.511958,-0.257808,-0.27561,1.116,0.0865312,-0.289286,1.052,-1,1,0.00891799,0.0243028,1.13768,0.0338081,0.528356,1.486,0.417719,0.566407,0.795964,0.57911,0.111225,0.365576,0.498415,0.338816,0.58077,0.0588934,1.10005,1.06472,1.03399,6.17049e-05,2.37634e-05,1.41063e-06
190,0.00488692,0.975755,-0.21881,-0.511958,-0.257808,-0.27561,1.116,0.0865312,-0.289286,1.052,-1,1,-0.133889,-0.0566265,1.18536,0.0338081,0.528356,1.486,0.409667,0.640184,0.810837,0.701917,0.271438,0.299439,0.555792,0.455811,0.555138,0.045587,1.40017,1.70086,1.15027,0.000215446,0.000106093,1.68445e-05
193,0.00488692,0.975755,-0.21881,-0.511958,-0.257808,-0.27561,1.116,0.0865312,-0.289286,1.052,-1,1,-0.237464,-0.027777,1.301,0.0338081,0.528356,1.486,0.399212,0.73888,0.797536,0.474126,0.689912,0.418188,0.436669,0.714396,0.607862,0.0496401,1.01553,2.49939,2.69664,0.000155321,1.89562e-05,2.88703e-06
197,0.00488692,0.975755,-0.21881,-0.511958,-0.257808,-0.27561,1.116,0.0865312,-0.289286,1.052,-1,1,-0.291397,0.0795318,1.20705,0.0338081,0.528356,1.486,0.370842,0.825573,0.73888,0.401176,0.662316,0.363743,0.386009,0.743945,0.551311,0.0719122,1.00234,1.04803,4.1533,0.000361488,1.39883e-05,2.20613e-06
200,0.00488692,0.975755,-0.21881,-0.511958,-0.257808,-0.27561,1.116,0.0865312,-0.289286,1.052,-1,1,-0.165004,0.025691,1.09332,0.0364088,0.528356,1.486,0.311761,0.883241,0.710493,0.35751,0.628683,0.330248,0.334635,0.755962,0.520371,0.076834,1.01374,1.00047,1.28397,0.000196714,2.55585e-05,2.82011e-06
203,0.00488692,0.975755,-0.21881,-0.511958,-0.257808,-0.27561,1.116,0.0865312,-0.289286,1.052,-1,1,-0.0784163,-0.0281485,1.1886,0.0364088,0.528356,1.486,0.297466,0.899669,0.697658,0.338313,0.629733,0.330463,0.317889,0.764701,0.51406,0.0599948,1.08011,1.00862,1.00967,0.000611196,5.09614e-05,2.47575e-05
205,0.00488692,0.975755,-0.21881,-0.511958,-0.257808,-0.27561,1.116,0.0865312,-0.289286,1.052,-1,1,-0.0235951,-0.0485901,1.27092,0.0364088,0.528356,1.486,0.321658,0.882308,0.709362,0.313612,0.700038,0.38942,0.317635,0.791173,0.549391,0.0383363,1.74553,1.24372,1.01353,0.000769839,4.67008e-05,1.96705e-05
208,0.00488692,0.975755,-0.21881,-0.511958,-0.257808,-0.27561,1.116,0.0865312,-0.289286,1.052,-1,1,0.0655088,-0.0600622,1.34022,0.0364088,0.528356,1.486,0.343581,0.850919,0.771842,0.5689,0.369975,0.619892,0.45624,0.610447,0.695867,0.0373943,1.03388,5.5001,1.86797,0.00103204,3.17385e-05,5.675e-06
211,0.00488692,0.975755,-0.21881,-0.511958,-0.257808,-0.27561,1.116,0.0865312,-0.289286,1.052,-1,1,0.160561,-0.037503,1.24475,0.0494119,0.525753,1.486,0.338656,0.788986,0.854455,0.507746,0.291943,0.599889,0.423201,0.540464,0.727172,0.0610273,1.00284,1.10749,7.08369,0.00080202,3.20531e-05,5.36194e-06
213,0.00488692,0.975755,-0.21881,-0.511958,-0.257808,-0.27561,1.116,0.0865312,-0.289286,1.052,-1,1,0.150444,-0.0262499,1.1682,0.0494119,0.525753,1.486,0.337576,0.710577,0.872348,0.460995,0.263046,0.550789,0.399285,0.486811,0.711568,0.0735956,1.00368,1.00532,1.5959,0.000417793,4.10228e-05,4.08899e-06
216,0.00488692,0.975755,-0.21881,-0.511958,-0.257808,-0.27561,1.116,0.0865312,-0.289286,1.052,-1,1,0.0350855,-0.0412915,1.05496,0.0494119,0.525753,1.486,0.315908,0.693895,0.898719,0.424012,0.269066,0.567665,0.36996,0.481481,0.733192,0.064837,1.15155,1.0066,1.02732,0.000163921,3.79905e-05,4.20451e-06
218,0.00488692,0.975755,-0.21881,-0.511958,-0.257808,-0.27561,1.116,0.0865312,-0.289286,1.052,-1,1,-0.0761449,-0.0626089,1.06461,0.0494119,0.525753,1.486,0.285193,0.727235,0.926565,0.354257,0.343811,0.653029,0.319725,0.535523,0.789797,0.0478353,1.1234,1.29411,1.07393,7.76897e-05,5.48791e-05,1.26235e-05
221,0.00488692,0.975755,-0.21881,-0.511958,-0.257808,-0.27561,1.116,0.0865312,-0.289286,1.052,-1,1,-0.223001,-0.0546137,1.19163,0.0494119,0.525753,1.486,0.264572,0.81134,0.927182,0.324419,0.637242,0.572208,0.294495,0.724291,0.749695,0.0475838,1.09271,2.16676,1.75375,0.000142828,1.33399e-05,2.37118e-06
223,0.00488692,0.975755,-0.21881,-0.511958,-0.257808,-0.27561,1.116,0.0865312,-0.289286,1.052,-1,0,-0.302536,-0.0331306,1.2993,0.0696026,0.521153,1.473,0.264776,0.902707,0.871068,0.373834,0.70856,0.374408,0.319305,0.805633,0.622738,0.0669502,1.04404,1.35311,4.63469,0.000137765,1.8771e-05,1.13435e-06
225,0.00488692,0.975755,-0.21881,-0.511958,-0.257808,-0.27561,1.116,0.0865312,-0.289286,1.052,-1,0,-0.422215,-0.037424,1.25572,0.0696026,0.521153,1.473,0.226684,0.9565,0.743538,0.373254,0.579736,0.243954,0.299969,0.768118,0.493746,0.0913539,1.00025,1.10373,1.8108,0.000295997,2.24066e-05,6.04819e-06
228,0.00488692,0.975755,-0.21881,-0.511958,-0.257808,-0.27561,1.116,0.0865312,-0.289286,1.052,-1,1,-0.496772,-0.0177093,1.25418,0.0696026,0.521153,1.473,0.193178,0.943339,0.56089,0.361957,0.414634,0.174111,0.277568,0.678986,0.367501,0.107611,1.00583,1.01741,1.1902,0.00031332,3.42598e-05,1.3412e-05
231,0.00488692,0.975755,-0.21881,-0.511958,-0.257808,-0.27561,1.116,0.0865312,-0.289286,1.052,-1,1,-0.49296,-0.0130802,1.1606,0.0696026,0.521153,1.473,0.15915,0.893414,0.415606,0.3409,0.316417,0.141845,0.250025,0.604916,0.278726,0.105229,1.0028,1.00422,1.04327,0.000315301,3.26758e-05,3.08146e-05
233,0.00488692,0.975755,-0.21881,-0.511958,-0.257808,-0.27561,1.116,0.0865312,-0.289286,1.052,-1,1,-0.440671,-0.0221251,1.07403,0.0696026,0.521153,1.473,0.132003,0.86736,0.359978,0.327941,0.275176,0.124298,0.229972,0.571268,0.242138,0.0832365,1.06246,1.01118,1.00406,0.000300911,4.76781e-05,1.65272e-05
235,0.00488692,0.975755,-0.21881,-0.511958,-0.257808,-0.27561,1.116,0.0865312,-0.289286,1.052,-1,1,-0.356729,-0.0349088,1.00055,-0.0329663,0.50251,1.449,0.184082,0.876102,0.36544,0.295151,0.306659,0.218149,0.239616,0.59138,0.291794,0.0655828,1.11033,1.21407,1.04858,0.000290433,2.13486e-05,6.74441e-06
238,0.00488692,0.975755,-0.21881,-0.511958,-0.257808,-0.27561,1.116,0.0865312,-0.289286,1.052,-1,1,-0.22797,-0.0200928,0.943526,-0.0329663,0.50251,1.449,0.178704,0.901413,0.433202,0.335322,0.433309,0.480083,0.257013,0.667361,0.456642,0.0614172,1.07137,1.56672,1.40533,0.000439295,1.00027e-05,6.38269e-06
241,0.00488692,0.975755,-0.21881,-0.511958,-0.257808,-0.27561,1.116,0.0865312,-0.289286,1.052,-1,1,-0.131069,-0.0304453,0.97022,-0.0329663,0.50251,1.449,0.179928,0.924336,0.553083,0.404498,0.453277,0.622011,0.292213,0.688806,0.587547,0.0756605,1.01635,1.24952,2.25497,0.000425727,9.82983e-05,2.6175e-05
243,0.00488692,0.975755,-0.21881,-0.511958,-0.257808,-0.27561,1.116,0.0865312,-0.289286,1.052,-1,1,-0.115775,-0.0491647,1.03904,-0.0329663,0.50251,1.449,0.187581,0.932609,0.675572,0.452617,0.424091,0.696735,0.320099,0.67835,0.686153,0.0819473,1.01573,1.095,1.81991,0.000572409,3.78446e-05,2.42922e-05
246,0.00488692,0.975755,-0.21881,-0.511958,-0.257808,-0.27561,1.116,0.0865312,-0.289286,1.052,-1,1,-0.148971,-0.0723464,1.14472,-0.0329663,0.50251,1.449,0.206239,0.940583,0.77228,0.488178,0.417541,0.76658,0.347208,0.679062,0.76943,0.0776951,1.03829,1.0741,1.27571,0.000752748,3.42886e-05,1.45359e-05
248,0.00488692,0.975755,-0.21881,-0.511958,-0.257808,-0.27561,1.116,0.0865312,-0.289286,1.052,-1,1,-0.179326,-0.0918644,1.21155,-0.155271,0.491255,1.431,0.275883,0.952115,0.831318,0.492074,0.43866,0.79952,0.383978,0.695388,0.815419,0.0655826,1.05063,1.14419,1.23031,0.000457572,4.44687e-05,1.40493e-05
251,0.00488692,0.975755,-0.21881,-0.511958,-0.257808,-0.27561,1.116,0.0865312,-0.289286,1.052,-1,1,-0.191663,-0.103706,1.33296,-0.155271,0.491255,1.431,0.313112,0.966723,0.839648,0.55141,0.45311,0.616998,0.432261,0.709917,0.728323,0.0657181,1.04413,1.24886,1.39858,0.000625631,3.22181e-05,1.57457e-05
253,0.00488692,0.975755,-0.21881,-0.511958,-0.257808,-0.27561,1.116,0.0865312,-0.289286,1.052,-1,1,-0.131749,-0.0914945,1.39523,-0.155271,0.491255,1.431,0.348779,0.955383,0.799955,0.547046,0.382366,0.429954,0.447913,0.668874,0.614954,0.074055,1.00166,1.12394,1.4811,0.000709575,8.39485e-05,8.96399e-06
255,0.00488692,0.975755,-0.21881,-0.511958,-0.257808,-0.27561,1.116,0.0865312,-0.289286,1.052,-1,1,-0.0924777,-0.0507995,1.4364,-0.155271,0.491255,1.431,0.384546,0.905219,0.727186,0.530851,0.303281,0.32161,0.457699,0.60425,0.524398,0.0818255,1.00285,1.01453,1.25536,0.00143916,3.11571e-05,8.41346e-06
258,0.00488692,0.975755,-0.21881,-0.511958,-0.257808,-0.27561,1.116,0.0865312,-0.289286,1.052,-1,1,-0.0549104,-0.00251459,1.33921,-0.155271,0.491255,1.431,0.419599,0.845657,0.685304,0.549841,0.241703,0.284663,0.48472,0.54368,0.484983,0.0702977,1.02944,1.01307,1.04246,0.000950359,4.23221e-05,1.93259e-05
261,0.00488692,0.975755,-0.21881,-0.511958,-0.257808,-0.27561,1.116,0.0865312,-0.289286,1.052,-1,1,-0.150149,-0.0167993,1.21585,-0.142009,0.499972,1.449,0.425832,0.826134,0.674541,0.628292,0.170279,0.273914,0.527062,0.498206,0.474228,0.0470498,1.11834,1.06321,1.02103,4.42272e-05,2.06097e-05,5.08074e-06
263,0.00488692,0.975755,-0.21881,-0.511958,-0.257808,-0.27561,1.116,0.0865312,-0.289286,1.052,-1,1,-0.29595,-0.0529045,1.25912,-0.142009,0.499972,1.449,0.438679,0.842527,0.662027,0.885825,0.0991548,0.22009,0.662252,0.470841,0.441059,0.0296806,1.34473,1.37698,1.08586,0.000232801,1.37695e-05,1.69313e-06
267,0.00488692,0.975755,-0.21881,-0.511958,-0.257808,-0.27561,1.116,0.0865312,-0.289286,1.052,-1,1,-0.235894,-0.0478156,1.72505,-0.142009,0.499972,1.449,0.472218,0.766989,0.548603,0.674235,0.247834,0.0173259,0.573227,0.507411,0.282965,0.0377855,1.41581,1.18728,1.07079,0.000245649,0.000115323,9.7436e-06
269,0.00488692,0.975755,-0.21881,-0.511958,-0.257808,-0.27561,1.116,0.0865312,-0.289286,1.052,-1,1,-0.0963245,-0.0808202,1.34365,-0.142009,0.499972,1.449,0.457383,0.797339,0.577926,0.588873,0.3746,0.122803,0.523128,0.585969,0.350364,0.0389129,1.71036,1.48608,1.14658,0.00048203,0.000170087,4.05188e-06
271,0.00488692,0.975755,-0.21881,-0.511958,-0.257808,-0.27561,1.116,0.0865312,-0.289286,1.052,-1,1,0.014257,-0.017866,1.41285,-0.0667517,0.511322,1.467,0.420438,0.775933,0.575058,0.534603,0.257633,0.227006,0.477521,0.516783,0.401032,0.0365582,2.44209,1.51262,1.14408,0.000957831,0.000105022,1.23768e-05
274,0.00488692,0.975755,-0.21881,-0.511958,-0.257808,-0.27561,1.116,0.0865312,-0.289286,1.052,-1,1,0.0438786,0.0330101,1.25599,-0.0667517,0.511322,1.467,0.447856,0.732345,0.588157,0.535816,0.359826,0.61445,0.491836,0.546085,0.601303,0.0269368,1.06126,1.4216,1.8185,0.000369303,0.000127532,8.81338e-06
276,0.00488692,0.975755,-0.21881,-0.511958,-0.257808,-0.27561,1.116,0.0865312,-0.289286,1.052,-1,1,-0.124787,-0.0744766,1.19671,-0.0667517,0.511322,1.467,0.440574,0.727714,0.636287,0.522103,0.319946,0.584587,0.481339,0.52383,0.610437,0.0326634,1.05669,1.03678,2.23961,0.000268828,0.000171487,1.53221e-05
279,0.00488692,0.975755,-0.21881,-0.511958,-0.257808,-0.27561,1.116,0.0865312,-0.289286,1.052,-1,1,-0.19133,0.0138225,1.3309,-0.0667517,0.511322,1.467,0.432099,0.790675,0.731555,0.484318,0.471857,0.714199,0.458208,0.631266,0.722877,0.0526117,1.15464,1.33976,2.28541,6.91456e-05,1.79505e-05,3.55701e-06
281,0.00488692,0.975755,-0.21881,-0.511958,-0.257808,-0.27561,1.116,0.0865312,-0.289286,1.052,-1,1,-0.144016,0.0686189,1.15338,-0.0667517,0.511322,1.467,0.460465,0.792507,0.727602,0.47543,0.520911,0.632968,0.467948,0.656709,0.680285,0.0554315,1.04287,1.32494,1.22071,8.94373e-05,1.26739e-05,4.45189e-06
284,0.00488692,0.975755,-0.21881,-0.511958,-0.257808,-0.27561,1.116,0.0865312,-0.289286,1.052,-1,1,0.011465,-0.0788499,1.3004,0.0130556,0.522649,1.492,0.377487,0.82363,0.764745,0.430461,0.567996,0.610993,0.403974,0.695813,0.687869,0.051731,1.17268,1.04867,1.45313,0.000521329,0.000221067,3.45674e-06
286,0.00488692,0.975755,-0.21881,-0.511958,-0.257808,-0.27561,1.116,0.0865312,-0.289286,1.052,-1,1,0.0566953,-0.0171196,1.38015,0.0130556,0.522649,1.492,0.379279,0.817116,0.755654,0.436047,0.623603,0.602003,0.407663,0.720359,0.678828,0.033937,2.33967,1.26167,1.08999,0.000639692,7.59967e-05,8.43018e-06
288,0.00488692,0.975755,-0.21881,-0.511958,-0.257808,-0.27561,1.116,0.0865312,-0.289286,1.052,-1,1,0.0749259,0.0387644,1.31379,0.0130556,0.522649,1.492,0.43867,0.733476,0.727837,0.587592,0.24857,0.481333,0.513131,0.491023,0.604585,0.034678,1.19712,2.81021,1.40586,0.000637665,5.14543e-05,9.76059e-06
291,0.00488692,0.975755,-0.21881,-0.511958,-0.257808,-0.27561,1.116,0.0865312,-0.289286,1.052,-1,1,-0.153586,-0.0982677,1.75292,0.0130556,0.522649,1.492,0.443529,0.669041,0.652837,0.547749,0.247805,0.311995,0.495639,0.458423,0.482416,0.0553665,1.18149,1.14253,5.3398,0.000672644,0.000133613,1.67865e-05
293,0.00488692,0.975755,-0.21881,-0.511958,-0.257808,-0.27561,1.116,0.0865312,-0.289286,1.052,-1,1,-0.176989,-0.0167716,1.30577,0.0130556,0.522649,1.492,0.422199,0.656961,0.62407,0.515279,0.246256,0.292715,0.468739,0.451609,0.458392,0.0582504,1.01419,1.094,1.68566,0.000275159,3.15411e-05,2.47329e-06
296,0.00488692,0.975755,-0.21881,-0.511958,-0.257808,-0.27561,1.116,0.0865312,-0.289286,1.052,-1,1,-0.130765,0.0433561,1.146,0.0476303,0.52171,1.512,0.432254,0.693412,0.624646,0.499897,0.389051,0.265485,0.466075,0.541232,0.445066,0.0572635,2.34959,1.41718,1.24373,2.41387e-06,8.05662e-07,0
299,0.00488692,0.975755,-0.21881,-0.511958,-0.257808,-0.27561,1.116,0.0865312,-0.289286,1.052,-1,1,0.03157,-0.0858952,1.2808,0.0476303,0.52171,1.512,0.399156,0.736648,0.664354,0.357991,0.784386,0.526234,0.378573,0.760517,0.595294,0.0362723,1.18693,2.36519,1.64484,0.00027449,0.000194318,3.18103e-06
301,0.00488692,0.975755,-0.21881,-0.511958,-0.257808,-0.27561,1.116,0.0865312,-0.289286,1.052,-1,1,0.06641,-0.0113125,1.40113,0.0476303,0.52171,1.512,0.389757,0.72922,0.650534,0.404723,0.781864,0.575684,0.39724,0.755542,0.613109,0.0311574,1.80859,1.34841,1.81964,0.000743778,9.72547e-05,1.15168e-05
303,0.00488692,0.975755,-0.21881,-0.511958,-0.257808,-0.27561,1.116,0.0865312,-0.289286,1.052,-1,1,0.0780875,0.061711,1.3712,0.0476303,0.52171,1.512,0.41526,0.725275,0.737596,0.440397,0.528075,0.712135,0.427828,0.626675,0.724866,0.0465847,1.49287,1.20773,11.985,0.00172948,6.17983e-05,2.18884e-05
306,0.00488692,0.975755,-0.21881,-0.511958,-0.257808,-0.27561,1.116,0.0865312,-0.289286,1.052,-1,1,0.0167645,0.020727,1.2843,0.0476303,0.52171,1.512,0.431102,0.675896,0.749088,0.523793,0.36362,0.598655,0.477447,0.519758,0.673872,0.0515914,1.08784,1.2887,1.59116,0.000397198,1.2349e-05,2.89332e-06
308,0.00488692,0.975755,-0.21881,-0.511958,-0.257808,-0.27561,1.116,0.0865312,-0.289286,1.052,-1,1,-0.134005,-0.00984835,1.25291,0.0502765,0.52171,1.512,0.427035,0.67159,0.737926,0.536829,0.368393,0.605915,0.481932,0.519992,0.671921,0.0528195,1.5186,1.25771,1.42816,0.000200012,2.93728e-05,6.92698e-06
310,0.00488692,0.975755,-0.21881,-0.511958,-0.257808,-0.27561,1.116,0.0865312,-0.289286,1.052,-1,1,-0.167697,0.0463015,1.16684,0.0502765,0.52171,1.512,0.448015,0.701718,0.711346,0.782825,0.314904,0.290176,0.61542,0.508311,0.500761,0.0388583,1.76733,1.54067,1.15148,0.000245479,7.79512e-05,1.03915e-05
313,0.00488692,0.975755,-0.21881,-0.511958,-0.257808,-0.27561,1.116,0.0865312,-0.289286,1.052,-1,1,-0.00555581,-0.0539971,1.19331,0.0502765,0.52171,1.512,0.400088,0.757818,0.757628,0.400186,0.696523,0.492835,0.400137,0.727171,0.625231,0.0405596,1.13635,2.45619,1.54277,0.000450362,3.02424e-05,6.73769e-06
315,0.00488692,0.975755,-0.21881,-0.511958,-0.257808,-0.27561,1.116,0.0865312,-0.289286,1.052,-1,1,0.0352553,-0.0336409,1.31934,0.0502765,0.52171,1.512,0.361922,0.797427,0.78777,0.347396,0.722836,0.553237,0.354659,0.760132,0.670504,0.0403747,1.07925,1.2734,1.47814,0.00110348,7.72086e-05,4.90359e-06
318,0.00488692,0.975755,-0.21881,-0.511958,-0.257808,-0.27561,1.116,0.0865312,-0.289286,1.052,-1,1,0.0527907,0.0123432,1.31779,0.0502765,0.52171,1.512,0.366275,0.788357,0.7884,0.171292,0.815139,0.761917,0.268784,0.801748,0.775159,0.0260411,1.57795,1.219,1.47966,0.00108789,2.93721e-05,1.76184e-05
320,0.00488692,0.975755,-0.21881,-0.511958,-0.257808,-0.27561,1.116,0.0865312,-0.289286,1.052,-1,1,-0.00879505,-0.0212029,1.20156,0.0476303,0.52171,1.512,0.361566,0.770912,0.814451,0.265763,0.551395,0.866246,0.313665,0.661154,0.840349,0.0201595,1.13636,1.4851,1.58588,0.000256293,9.92825e-05,2.40904e-05
322,0.00488692,0.975755,-0.21881,-0.511958,-0.257808,-0.27561,1.116,0.0865312,-0.289286,1.052,-1,1,0.00345377,-0.0325705,1.22873,0.0476303,0.52171,1.512,0.352096,0.74172,0.837347,0.452024,0.324589,0.612116,0.40206,0.533154,0.724732,0.0256037,1.07804,1.19201,2.41905,0.000459519,7.73266e-05,1.31851e-05
324,0.00488692,0.975755,-0.21881,-0.511958,-0.257808,-0.27561,1.116,0.0865312,-0.289286,1.052,-1,1,0.0868563,0.00589938,1.26613,0.0476303,0.52171,1.512,0.381169,0.694677,0.813486,0.512924,0.250995,0.524691,0.447047,0.472836,0.669088,0.031079,1.11388,1.04013,1.76779,0.00025519,0.000201335,5.25994e-06
326,0.00488692,0.975755,-0.21881,-0.511958,-0.257808,-0.27561,1.116,0.0865312,-0.289286,1.052,-1,1,0.134313,0.0761694,1.34059,0.0476303,0.52171,1.512,0.418543,0.639604,0.783717,0.616187,0.146594,0.393608,0.517365,0.393099,0.588663,0.0319856,1.0324,1.15312,1.19416,0.000188029,2.91615e-05,5.77531e-06
328,0.00488692,0.975755,-0.21881,-0.511958,-0.257808,-0.27561,1.116,0.0865312,-0.289286,1.052,-1,1,0.219161,0.165341,1.32826,0.0476303,0.52171,1.512,0.466895,0.556625,0.739734,0.715287,0.0353847,0.269672,0.591091,0.296005,0.504703,0.0338466,1.00215,1.10842,1.13745,0.0007674,4.9065e-05,9.39919e-06
330,0.00488692,0.975755,-0.21881,-0.511958,-0.257808,-0.27561,1.116,0.0865312,-0.289286,1.052,-1,1,0.247427,0.22849,1.32064,0.0476303,0.52171,1.512,0.557292,0.417988,0.631311,0.690672,0.0397883,0.224667,0.623982,0.228888,0.427989,0.0501824,1.00902,1.00206,1.08418,0.0010159,5.79468e-05,1.21295e-05
332,0.00488692,0.975755,-0.21881,-0.511958,-0.257808,-0.27561,1.116,0.0865312,-0.289286,1.052,-1,1,0.285054,0.231685,1.31918,0.050077,0.522278,1.506,0.637944,0.291258,0.511543,0.642953,0.0288343,0.193627,0.640449,0.160046,0.352585,0.0666637,1.00108,1.00401,1.02798,0.00101452,6.93263e-06,4.18931e-06
334,0.00488692,0.975755,-0.21881,-0.511958,-0.257808,-0.27561,1.116,0.0865312,-0.289286,1.052,-1,0,0.0536039,-0.131363,1.74419,0.050077,0.522278,1.506,0.654247,0.270628,0.450897,0.61865,0.11861,0.158716,0.636448,0.194619,0.304806,0.0848113,1.41351,1.11557,1.04506,0.00187093,2.30593e-05,8.32898e-18
336,0.00488692,0.975755,-0.21881,-0.511958,-0.257808,-0.27561,1.116,0.0865312,-0.289286,1.052,-1,1,0.373819,0.0223023,1.39314,0.050077,0.522278,1.506,0.606756,0.228903,0.43304,0.493772,0.186499,0.232043,0.550264,0.207701,0.332542,0.0764106,1.24815,1.25075,1.10047,0.000846229,3.44596e-05,4.80033e-06
338,0.00488692,0.975755,-0.21881,-0.511958,-0.257808,-0.27561,1.116,0.0865312,-0.289286,1.052,-1,1,0.331735,0.0530692,1.45563,0.050077,0.522278,1.506,0.557771,0.209601,0.418121,0.364066,0.337719,0.351508,0.460919,0.27366,0.384815,0.0635501,1.06037,1.10602,1.27922,0.000198935,1.50531e-05,4.91587e-06
340,0.00488692,0.975755,-0.21881,-0.511958,-0.257808,-0.27561,1.116,0.0865312,-0.289286,1.052,-1,1,0.313771,0.11226,1.43458,0.050077,0.522278,1.506,0.511653,0.198777,0.408121,0.250037,0.314202,0.401356,0.380845,0.256489,0.404738,0.0420356,1.00543,1.01941,1.1228,0.000221813,1.55124e-05,6.94273e-06
342,0.00488692,0.975755,-0.21881,-0.511958,-0.257808,-0.27561,1.116,0.0865312,-0.289286,1.052,-1,1,0.292254,0.0835836,1.4279,0.050077,0.522278,1.506,0.462938,0.199957,0.408898,0.230103,0.404646,0.429391,0.346521,0.302301,0.419144,0.037556,1.01777,1.07596,1.09796,0.000111144,6.28098e-06,2.77757e-06
345,0.00488692,0.975755,-0.21881,-0.511958,-0.257808,-0.27561,1.116,0.0865312,-0.289286,1.052,-1,0,0.0584687,-0.13285,1.75183,0.0608609,0.52171,1.512,0.470342,0.19838,0.40661,0.234807,0.440901,0.450705,0.352574,0.31964,0.428658,0.0245868,1.01655,1.02334,1.02185,0.00165532,1.59471e-05,1.92303e-06
346,0.00488692,0.975755,-0.21881,-0.511958,-0.257808,-0.27561,1.116,0.0865312,-0.289286,1.052,-1,1,0.280545,0.115009,1.41167,0.0608609,0.52171,1.512,0.515618,0.20242,0.393678,0.466132,0.523098,0.410118,0.490875,0.362759,0.401898,0.0217231,1.09474,1.59168,1.1699,7.88631e-05,1.21763e-05,2.5573e-06
349,0.00488692,0.975755,-0.21881,-0.511958,-0.257808,-0.27561,1.116,0.0865312,-0.289286,1.052,-1,0,0.055267,-0.132618,1.74986,0.0608609,0.52171,1.512,0.480348,0.226001,0.370059,0.486151,0.549474,0.399418,0.48325,0.387737,0.384739,0.039092,1.17049,1.1215,1.24186,0.00160675,1.30639e-05,1.82171e-06
351,0.00488692,0.975755,-0.21881,-0.511958,-0.257808,-0.27561,1.116,0.0865312,-0.289286,1.052,-1,1,0.22209,0.0215742,1.40637,0.0608609,0.52171,1.512,0.457173,0.255446,0.398616,0.446348,0.608268,0.455491,0.45176,0.431857,0.427054,0.0472802,1.0841,1.15464,1.19051,0.000241111,4.54884e-05,6.63397e-06
354,0.00488692,0.975755,-0.21881,-0.511958,-0.257808,-0.27561,1.116,0.0865312,-0.289286,1.052,-1,1,0.0689297,0.00189753,1.18037,0.0608609,0.52171,1.512,0.444811,0.355217,0.49985,0.371057,0.772503,0.604112,0.407934,0.56386,0.551981,0.0613092,1.04973,1.28636,1.06701,0.000191048,2.45469e-05,5.33027e-06
356,0.00488692,0.975755,-0.21881,-0.511958,-0.257808,-0.27561,1.116,0.0865312,-0.289286,1.052,-1,1,-0.174482,0.0188691,1.19535,0.0608609,0.52171,1.512,0.481929,0.497225,0.643015,0.441422,0.801302,0.724081,0.461676,0.649264,0.683548,0.0731531,1.0412,1.45034,1.41647,0.000409666,1.62735e-05,3.31942e-06
358,0.00488692,0.975755,-0.21881,-0.511958,-0.257808,-0.27561,1.116,0.0865312,-0.289286,1.052,-1,1,-0.390893,0.0197647,1.32585,0.0608609,0.52171,1.512,0.42494,0.687665,0.654049,0.397414,0.785236,0.573066,0.411177,0.736451,0.613557,0.109924,1.17549,1.02137,1.17266,0.000331107,0.000102945,1.04262e-05
361,0.00488692,0.975755,-0.21881,-0.511958,-0.257808,-0.27561,1.116,0.0865312,-0.289286,1.052,-1,0,0.0521376,-0.13132,1.74362,0.0608609,0.52171,1.512,0.42462,0.689371,0.655105,0.420062,0.759245,0.546492,0.422341,0.724308,0.600798,0.0875144,1.00494,1.11874,1.09378,0.00172885,1.76042e-05,9.09316e-18
364,0.00488692,0.975755,-0.21881,-0.511958,-0.257808,-0.27561,1.116,0.0865312,-0.289286,1.052,-1,1,-0.540406,0.173626,1.51136,0.0608609,0.52171,1.512,0.397027,0.720519,0.471777,0.366514,0.536561,0.312534,0.38177,0.62854,0.392156,0.0983487,1.00586,1.07295,1.13369,0.00123648,5.7651e-05,8.96563e-06
366,0.00488692,0.975755,-0.21881,-0.511958,-0.257808,-0.27561,1.116,0.0865312,-0.289286,1.052,-1,1,-0.432933,0.0801381,1.40524,0.0608609,0.52171,1.512,0.345154,0.645308,0.314231,0.372721,0.375998,0.195449,0.358938,0.510653,0.25484,0.0898092,1.00997,1.02854,1.11959,0.000298846,4.51221e-05,6.06411e-06
368,0.00488692,0.975755,-0.21881,-0.511958,-0.257808,-0.27561,1.116,0.0865312,-0.289286,1.052,-1,0,0.0612768,-0.13247,1.7471,0.0652781,0.517423,1.492,0.352284,0.518597,0.264869,0.36793,0.308407,0.149399,0.360107,0.413502,0.207134,0.130589,1.42476,1.18873,1.26552,0.0015161,2.82126e-05,1.90925e-06
371,0.00488692,0.975755,-0.21881,-0.511958,-0.257808,-0.27561,1.116,0.0865312,-0.289286,1.052,-1,1,-0.0845793,-0.0290586,1.30911,0.0652781,0.517423,1.492,0.386961,0.525061,0.316547,0.434101,0.22927,0.263794,0.410531,0.377166,0.290171,0.0989935,1.18024,1.8757,1.38261,0.000340541,5.76213e-05,1.58124e-05
373,0.00488692,0.975755,-0.21881,-0.511958,-0.257808,-0.27561,1.116,0.0865312,-0.289286,1.052,-1,0,0.0482611,-0.132593,1.75279,0.0652781,0.517423,1.492,0.385734,0.522606,0.314037,0.501684,0.320085,0.459729,0.443709,0.421346,0.386883,0.0626309,1.04571,1.45036,1.86949,0.00167693,3.02863e-05,1.3864e-06
376,0.00488692,0.975755,-0.21881,-0.511958,-0.257808,-0.27561,1.116,0.0865312,-0.289286,1.052,-1,1,-0.413778,-0.0151528,1.37858,0.0652781,0.517423,1.492,0.349005,0.593823,0.39162,0.466885,0.595386,0.783128,0.407945,0.594605,0.587374,0.0389285,1.06004,1.19629,1.93214,0.0009971,5.62319e-05,5.86013e-06
379,0.00488692,0.975755,-0.21881,-0.511958,-0.257808,-0.27561,1.116,0.0865312,-0.289286,1.052,-1,1,-0.459306,0.0545868,1.38278,0.0652781,0.517423,1.492,0.338605,0.607878,0.397414,0.308593,0.774208,0.850732,0.323599,0.691043,0.624073,0.0210894,1.08233,1.15955,1.46893,0.0009949,1.66346e-05,1.28965e-05
381,0.00488692,0.975755,-0.21881,-0.511958,-0.257808,-0.27561,1.116,0.0865312,-0.289286,1.052,-1,0,0.0244157,-0.131259,1.7428,-0.00780186,0.507534,1.486,0.390033,0.611636,0.392793,0.274694,0.815692,0.846294,0.332363,0.713664,0.619544,0.0228956,1.10058,1.2313,1.29,0.000956154,4.94269e-05,2.1474e-18
384,0.00488692,0.975755,-0.21881,-0.511958,-0.257808,-0.27561,1.116,0.0865312,-0.289286,1.052,-1,0,-0.132152,-0.0640461,1.38012,-0.00780186,0.507534,1.486,0.372771,0.597395,0.371279,0.254654,0.513294,0.34297,0.313713,0.555345,0.357124,0.0115024,1.14809,1.49976,1.44201,0.00116078,8.03918e-05,8.71302e-06
387,0.00488692,0.975755,-0.21881,-0.511958,-0.257808,-0.27561,1.116,0.0865312,-0.289286,1.052,-1,0,-0.113959,-0.0327349,1.35318,-0.00780186,0.507534,1.486,0.38659,0.713451,0.432412,0.462535,0.707245,0.554073,0.424563,0.710348,0.493242,0.0381458,1.35382,1.04024,1.33115,0.000403522,5.96821e-05,4.692e-06
389,0.00488692,0.975755,-0.21881,-0.511958,-0.257808,-0.27561,1.116,0.0865312,-0.289286,1.052,-1,1,-0.230055,-0.0841425,1.25001,-0.00780186,0.507534,1.486,0.381284,0.755926,0.513212,0.457147,0.798397,0.742794,0.419216,0.777162,0.628003,0.0513113,1.2791,1.3791,1.11708,0.000160387,2.51168e-05,5.38721e-06
392,0.00488692,0.975755,-0.21881,-0.511958,-0.257808,-0.27561,1.116,0.0865312,-0.289286,1.052,-1,1,-0.257271,-0.141595,1.27505,-0.00780186,0.507534,1.486,0.332808,0.804889,0.615943,0.407204,0.767717,0.902622,0.370006,0.786303,0.759282,0.0652549,1.02243,1.47215,1.28695,0.000203796,2.43294e-05,4.91904e-06
395,0.00488692,0.975755,-0.21881,-0.511958,-0.257808,-0.27561,1.116,0.0865312,-0.289286,1.052,-1,1,-0.174117,-0.16124,1.29462,-0.0712984,0.471461,1.455,0.36898,0.924736,0.695913,0.319793,0.801678,0.843394,0.344387,0.863207,0.769653,0.0684821,1.32066,1.02528,1.13745,0.000334633,1.7049e-05,4.37709e-06
398,0.00488692,0.975755,-0.21881,-0.511958,-0.257808,-0.27561,1.116,0.0865312,-0.289286,1.052,-1,1,-0.12814,-0.182365,1.29888,-0.0712984,0.471461,1.455,0.32676,0.952486,0.734668,0.263347,0.875471,0.766951,0.295053,0.913979,0.75081,0.0624132,1.08828,1.24308,1.02928,0.000374897,3.58224e-05,1.16116e-05
400,0.00488692,0.975755,-0.21881,-0.511958,-0.257808,-0.27561,1.116,0.0865312,-0.289286,1.052,-1,1,-0.116013,-0.191994,1.3027,-0.0712984,0.471461,1.455,0.278076,0.974224,0.767702,0.25534,0.952088,0.658317,0.266708,0.963156,0.71301,0.0534508,1.0111,1.06452,1.05705,0.000421625,3.03043e-05,1.0473e-05
404,0.00488692,0.975755,-0.21881,-0.511958,-0.257808,-0.27561,1.116,0.0865312,-0.289286,1.052,-1,1,-0.104746,-0.207529,1.29716,-0.0712984,0.471461,1.455,0.254005,0.970576,0.801463,0.136485,0.640405,0.714126,0.195245,0.805491,0.757794,0.0328487,1.13225,1.29415,1.10491,0.000483972,3.38382e-05,2.01767e-05
407,0.00488692,0.975755,-0.21881,-0.511958,-0.257808,-0.27561,1.116,0.0865312,-0.289286,1.052,-1,1,-0.108297,-0.207928,1.2979,-0.00748159,0.449261,1.425,0.268736,0.959925,0.834534,0.278276,0.471376,0.69767,0.273506,0.715651,0.766102,0.0342545,1.01751,1.18612,1.20367,0.000590314,3.21709e-05,1.54231e-05
410,0.00488692,0.975755,-0.21881,-0.511958,-0.257808,-0.27561,1.116,0.0865312,-0.289286,1.052,-1,1,-0.106897,-0.207723,1.29866,-0.00748159,0.449261,1.425,0.25977,0.955322,0.850583,0.37509,0.356647,0.670424,0.31743,0.655985,0.760503,0.028571,1.00471,1.06135,1.46295,0.000523112,3.23391e-05,1.41413e-05
412,0.00488692,0.975755,-0.21881,-0.511958,-0.257808,-0.27561,1.116,0.0865312,-0.289286,1.052,-1,1,-0.103225,-0.208397,1.30145,-0.00748159,0.449261,1.425,0.254155,0.953654,0.856639,0.391632,0.348469,0.690243,0.322893,0.651061,0.773441,0.0188413,1.0044,1.00252,1.08086,0.000497827,3.31344e-05,1.30358e-05
415,0.00488692,0.975755,-0.21881,-0.511958,-0.257808,-0.27561,1.116,0.0865312,-0.289286,1.052,-1,0,-0.104682,-0.207891,1.30182,-0.00748159,0.449261,1.425,0.250463,0.953317,0.860083,0.328611,0.396177,0.69772,0.289537,0.674747,0.778902,0.00916629,1.00393,1.01115,1.00364,0.000514452,3.21151e-05,1.28043e-05
419,0.00488692,0.975755,-0.21881,-0.511958,-0.257808,-0.27561,1.116,0.0865312,-0.289286,1.052,-1,0,-0.106103,-0.20746,1.30164,-0.00748159,0.449261,1.425,0.250647,0.952849,0.858813,0.283603,0.414772,0.660348,0.267125,0.683811,0.75958,0.00402299,1.2714,1.00797,1.00386,0.00056181,3.393e-05,1.25746e-05
422,0.00488692,0.975755,-0.21881,-0.511958,-0.257808,-0.27561,1.116,0.0865312,-0.289286,1.052,-1,0,-0.102342,-0.208198,1.30166,-0.00748159,0.449261,1.425,0.250988,0.951649,0.859023,0.33165,0.349169,0.605921,0.250988,0.951649,0.859023,0.00208477,1.24241,1.09037,1.00403,0.00049856,3.01584e-05,1.28023e-05
425,0.00488692,0.975755,-0.21881,-0.511958,-0.257808,-0.27561,1.116,0.0865312,-0.289286,1.052,-1,0,-0.105762,-0.207512,1.30136,-0.00748159,0.449261,1.425,0.251215,0.951125,0.858585,0.573624,0.108841,0.366119,0.251215,0.951125,0.858585,0.000977744,1.04084,1.12821,1.0501,0.000563765,3.48737e-05,1.30607e-05
428,0.00488692,0.975755,-0.21881,-0.511958,-0.257808,-0.27561,1.116,0.0865312,-0.289286,1.052,-1,0,-0.105801,-0.207681,1.3005,-0.00748159,0.449261,1.425,0.251256,0.951522,0.858295,0.604079,0.0583825,0.421789,0.251256,0.951522,0.858295,0.000855052,2.35601,1.13184,1.06538,0.000545044,3.44078e-05,1.17675e-05
432,0.00488692,0.975755,-0.21881,-0.511958,-0.257808,-0.27561,1.116,0.0865312,-0.289286,1.052,-1,0,-0.102043,-0.208446,1.30042,-0.00748159,0.449261,1.425,0.251146,0.95144,0.859124,0.651895,0.179945,0.583345,0.251146,0.95144,0.859124,0.000587333,2.49921,1.44686,1.02522,0.000445262,3.0601e-05,1.37639e-05
434,0.00488692,0.975755,-0.21881,-0.511958,-0.257808,-0.27561,1.116,0.0865312,-0.289286,1.052,-1,0,-0.104536,-0.207923,1.30062,-0.00748159,0.449261,1.425,0.251036,0.951425,0.85967,0.442026,0.637446,0.915988,0.251036,0.951425,0.85967,0.000520073,1.00137,2.60355,1.52379,0.000508398,3.33248e-05,1.18285e-05
437,0.00488692,0.975755,-0.21881,-0.511958,-0.257808,-0.27561,1.116,0.0865312,-0.289286,1.052,-1,0,-0.104519,-0.207397,1.30242,-0.00748159,0.449261,1.425,0.251197,0.951531,0.859052,0.472884,0.505067,0.909243,0.251197,0.951531,0.859052,0.000493634,5.86634,1.14197,1.28639,0.000544678,3.09438e-05,1.41314e-05
440,0.00488692,0.975755,-0.21881,-0.511958,-0.257808,-0.27561,1.116,0.0865312,-0.289286,1.052,-1,0,-0.104402,-0.207769,1.30201,-0.00748159,0.449261,1.425,0.251214,0.951293,0.85916,0.598239,0.136483,0.545004,0.251214,0.951293,0.85916,0.000393309,2.30666,1.87275,1.00875,0.00051952,3.23992e-05,1.23206e-05
443,0.00488692,0.975755,-0.21881,-0.511958,-0.257808,-0.27561,1.116,0.0865312,-0.289286,1.052,-1,0,-0.10303,-0.208363,1.30116,-0.00748159,0.449261,1.425,0.251175,0.95091,0.859546,0.558831,0.104242,0.453555,0.251175,0.95091,0.859546,0.000460093,1.00553,1.39087,1.7224,0.000480289,3.21603e-05,1.3295e-05
445,0.00488692,0.975755,-0.21881,-0.511958,-0.257808,-0.27561,1.116,0.0865312,-0.289286,1.052,-1,0,-0.104458,-0.207479,1.30228,-0.00748159,0.449261,1.425,0.251422,0.950881,0.858621,0.575872,0.104764,0.369313,0.251422,0.950881,0.858621,0.00051049,2.39315,1.05825,1.542,0.000541599,3.16244e-05,1.43385e-05
448,0.00488692,0.975755,-0.21881,-0.511958,-0.257808,-0.27561,1.116,0.0865312,-0.289286,1.052,-1,0,-0.102943,-0.20788,1.30151,-0.00748159,0.449261,1.425,0.251537,0.950565,0.858693,0.600053,0.0811705,0.370147,0.251537,0.950565,0.858693,0.000530137,1.65116,1.42634,1.02373,0.000471028,2.78747e-05,1.3796e-05
450,0.00488692,0.975755,-0.21881,-0.511958,-0.257808,-0.27561,1.116,0.0865312,-0.289286,1.052,-1,0,-0.103965,-0.20749,1.30192,-0.00748159,0.449261,1.425,0.251509,0.950576,0.858912,0.673149,0.24581,0.165949,0.251509,0.950576,0.858912,0.000384995,1.18114,1.23331,1.12553,0.000520621,3.33781e-05,1.3181e-05
452,0.00488692,0.975755,-0.21881,-0.511958,-0.257808,-0.27561,1.116,0.0865312,-0.289286,1.052,-1,0,-0.103682,-0.207629,1.30182,-0.00748159,0.449261,1.425,0.251563,0.950512,0.859074,0.55924,0.265459,0.67577,0.251563,0.950512,0.859074,0.000222545,1.04063,1.91016,1.13957,0.000522469,3.02589e-05,1.31e-05
455,0.00488692,0.975755,-0.21881,-0.511958,-0.257808,-0.27561,1.116,0.0865312,-0.289286,1.052,-1,0,-0.102797,-0.20807,1.30138,-0.00748159,0.449261,1.425,0.251658,0.950438,0.859042,0.591401,0.365137,0.756289,0.251658,0.950438,0.859042,0.000129686,1.13866,1.02503,1.21328,0.00048856,2.94867e-05,1.3649e-05
457,0.00488692,0.975755,-0.21881,-0.511958,-0.257808,-0.27561,1.116,0.0865312,-0.289286,1.052,-1,0,-0.103456,-0.207742,1.30156,-0.00748159,0.449261,1.425,0.251593,0.950436,0.859404,0.548437,0.385774,0.788894,0.251593,0.950436,0.859404,0.000163726,1.27092,1.00157,1.78533,0.000509827,2.96343e-05,1.18494e-05
460,0.00488692,0.975755,-0.21881,-0.511958,-0.257808,-0.27561,1.116,0.0865312,-0.289286,1.052,-1,0,-0.103462,-0.207501,1.30167,-0.00748159,0.449261,1.425,0.251679,0.950454,0.859246,0.663458,0.390746,0.724407,0.251679,0.950454,0.859246,0.000157355,2.5829,1.10196,1.0404,0.000532005,3.05209e-05,1.18842e-05
462,0.00488692,0.975755,-0.21881,-0.511958,-0.257808,-0.27561,1.116,0.0865312,-0.289286,1.052,-1,0,-0.103966,-0.207425,1.30179,-0.00748159,0.449261,1.425,0.251689,0.950469,0.859271,0.544443,0.560881,0.850669,0.251689,0.950469,0.859271,0.000138133,1.18044,2.06783,1.04766,0.000536192,3.068e-05,1.68968e-05
464,0.00488692,0.975755,-0.21881,-0.511958,-0.257808,-0.27561,1.116,0.0865312,-0.289286,1.052,-1,0,-0.104564,-0.207026,1.30238,-0.00748159,0.449261,1.425,0.251838,0.950462,0.858942,0.667205,0.523486,0.18499,0.251838,0.950462,0.858942,0.000134332,1.13715,2.17378,2.93293,0.000585068,3.10771e-05,1.71532e-05
466,0.00488692,0.975755,-0.21881,-0.511958,-0.257808,-0.27561,1.116,0.0865312,-0.289286,1.052,-1,0,-0.103353,-0.207663,1.30167,-0.00748159,0.449261,1.425,0.251936,0.950466,0.858747,0.667555,0.509744,0.169111,0.251936,0.950466,0.858747,0.000139891,1.00101,1.01604,1.66753,0.000522079,2.98205e-05,1.4585e-05
468,0.00488692,0.975755,-0.21881,-0.511958,-0.257808,-0.27561,1.116,0.0865312,-0.289286,1.052,-1,0,-0.104133,-0.207237,1.3023,-0.00748159,0.449261,1.425,0.252076,0.950414,0.858418,0.659158,0.469389,0.116802,0.252076,0.950414,0.858418,0.000205179,1.0128,1.00578,1.5486,0.000534037,3.04072e-05,1.8354e-05
471,0.00488692,0.975755,-0.21881,-0.511958,-0.257808,-0.27561,1.116,0.0865312,-0.289286,1.052,-1,0,-0.103865,-0.207611,1.30129,-0.00748159,0.449261,1.425,0.252014,0.950522,0.858445,0.611627,0.551022,0.17192,0.252014,0.950522,0.858445,0.000162663,1.40584,1.00971,1.00385,0.000547436,2.97664e-05,1.47298e-05
473,0.00488692,0.975755,-0.21881,-0.511958,-0.257808,-0.27561,1.116,0.0865312,-0.289286,1.052,-1,0,-0.104209,-0.207659,1.3021,-0.00748159,0.449261,1.425,0.25196,0.950518,0.858348,0.519046,0.558644,0.148965,0.25196,0.950518,0.858348,0.000143412,1.39686,1.183,1.02911,0.000564309,2.99876e-05,1.29177e-05
475,0.00488692,0.975755,-0.21881,-0.511958,-0.257808,-0.27561,1.116,0.0865312,-0.289286,1.052,-1,0,-0.10466,-0.206911,1.30266,-0.00748159,0.449261,1.425,0.251999,0.950484,0.858259,0.38124,0.65162,0.268942,0.251999,0.950484,0.858259,8.94021e-05,1.12223,1.09625,1.06715,0.000558659,3.04457e-05,1.39246e-05
477,0.00488692,0.975755,-0.21881,-0.511958,-0.257808,-0.27561,1.116,0.0865312,-0.289286,1.052,-1,0,-0.103961,-0.207469,1.30257,-0.00748159,0.449261,1.425,0.25207,0.950417,0.857927,0.537667,0.399625,0.0728399,0.25207,0.950417,0.857927,0.000125412,1.00854,1.22844,1.06845,0.000521866,3.1171e-05,1.34243e-05
479,0.00488692,0.975755,-0.21881,-0.511958,-0.257808,-0.27561,1.116,0.0865312,-0.289286,1.052,-1,0,-0.104731,-0.207536,1.30289,-0.00748159,0.449261,1.425,0.251998,0.950418,0.857708,0.520943,0.423532,0.0798787,0.251998,0.950418,0.857708,0.000154357,1.03915,1.00365,1.02854,0.00055346,3.40596e-05,1.27377e-05
481,0.00488692,0.975755,-0.21881,-0.511958,-0.257808,-0.27561,1.116,0.0865312,-0.289286,1.052,-1,0,-0.103957,-0.207345,1.302,-0.00748159,0.449261,1.425,0.252098,0.950313,0.857505,0.546347,0.3867,0.0719377,0.252098,0.950313,0.857505,0.000184841,1.12403,1.00774,1.06692,0.000501499,2.98225e-05,1.48367e-05
483,0.00488692,0.975755,-0.21881,-0.511958,-0.257808,-0.27561,1.116,0.0865312,-0.289286,1.052,-1,0,-0.104555,-0.2073,1.30305,-0.00748159,0.449261,1.425,0.252223,0.950199,0.857197,0.57409,0.350347,0.0795812,0.252223,0.950199,0.857197,0.000182536,1.00532,1.04305,1.00315,0.000544064,3.10308e-05,1.38313e-05
486,0.00488692,0.975755,-0.21881,-0.511958,-0.257808,-0.27561,1.116,0.0865312,-0.289286,1.052,-1,0,-0.104093,-0.207503,1.30321,-0.00748159,0.449261,1.425,0.252119,0.950084,0.857212,0.56534,0.214461,0.235355,0.252119,0.950084,0.857212,0.000189105,1.33864,1.05351,1.06275,0.000510651,3.14043e-05,8.49018e-06
488,0.00488692,0.975755,-0.21881,-0.511958,-0.257808,-0.27561,1.116,0.0865312,-0.289286,1.052,-1,0,-0.104685,-0.207162,1.30336,-0.00748159,0.449261,1.425,0.252208,0.95004,0.856879,0.556488,0.293551,0.153873,0.252208,0.95004,0.856879,0.000211878,1.52089,1.04145,1.0125,0.000545642,3.13637e-05,1.15656e-05
491,0.00488692,0.975755,-0.21881,-0.511958,-0.257808,-0.27561,1.116,0.0865312,-0.289286,1.052,-1,0,-0.104047,-0.207666,1.30279,-0.00748159,0.449261,1.425,0.252196,0.949981,0.857032,0.476981,0.203355,0.373487,0.252196,0.949981,0.857032,0.000187132,2.54967,1.02237,1.10661,0.00050665,3.20635e-05,9.86786e-06
493,0.00488692,0.975755,-0.21881,-0.511958,-0.257808,-0.27561,1.116,0.0865312,-0.289286,1.052,-1,0,-0.104039,-0.207392,1.30313,-0.00748159,0.449261,1.425,0.252235,0.949831,0.856759,0.576956,0.244655,0.191655,0.252235,0.949831,0.856759,0.000196603,1.52135,1.05274,1.00233,0.000515495,3.05925e-05,1.54607e-05
495,0.00488692,0.975755,-0.21881,-0.511958,-0.257808,-0.27561,1.116,0.0865312,-0.289286,1.052,-1,0,-0.104925,-0.2072,1.30323,-0.00748159,0.449261,1.425,0.252255,0.949844,0.856645,0.545723,0.189961,0.283157,0.252255,0.949844,0.856645,0.000150611,1.12435,1.01347,1.01979,0.000533669,3.41802e-05,1.3067e-05
497,0.00488692,0.975755,-0.21881,-0.511958,-0.257808,-0.27561,1.116,0.0865312,-0.289286,1.052,-1,0,-0.104485,-0.207039,1.30323,-0.00748159,0.449261,1.425,0.25236,0.949864,0.856538,0.622613,0.38005,0.0320162,0.25236,0.949864,0.856538,0.000144289,1.06533,1.68485,1.18447,0.000519337,3.31445e-05,1.35781e-05
500,0.00488692,0.975755,-0.21881,-0.511958,-0.257808,-0.27561,1.116,0.0865312,-0.289286,1.052,-1,0,-0.104001,-0.207107,1.30241,-0.00748159,0.449261,1.425,0.252355,0.949917,0.856875,0.652152,0.649776,0.627981,0.252355,0.949917,0.856875,0.000146942,1.6018,3.57616,2.14569,0.000522669,3.04476e-05,1.31052e-05
502,0.00488692,0.975755,-0.21881,-0.511958,-0.257808,-0.27561,1.116,0.0865312,-0.289286,1.052,-1,0,-0.104596,-0.206694,1.30303,-0.00748159,0.449261,1.425,0.252596,0.949897,0.856649,0.780514,0.552227,0.502741,0.252596,0.949897,0.856649,0.000194855,1.83997,1.24425,1.93115,0.000554725,3.23412e-05,1.4737e-05
504,0.00488692,0.975755,-0.21881,-0.511958,-0.257808,-0.27561,1.116,0.0865312,-0.289286,1.052,-1,0,-0.104296,-0.207055,1.30278,-0.00748159,0.449261,1.425,0.252656,0.94996,0.85666,0.722561,0.591994,0.574975,0.252656,0.94996,0.85666,0.000191003,1.09746,1.22224,1.58922,0.000524047,3.09794e-05,1.04034e-05
506,0.00488692,0.975755,-0.21881,-0.511958,-0.257808,-0.27561,1.116,0.0865312,-0.289286,1.052,-1,0,-0.1047,-0.207103,1.30311,-0.00748159,0.449261,1.425,0.252684,0.949946,0.856721,0.798237,0.530919,0.392448,0.252684,0.949946,0.856721,0.000131169,1.27896,1.00856,1.07282,0.000528827,3.18679e-05,1.38913e-05
508,0.00488692,0.975755,-0.21881,-0.511958,-0.257808,-0.27561,1.116,0.0865312,-0.289286,1.052,-1,0,-0.103035,-0.207671,1.30148,-0.00748159,0.449261,1.425,0.252492,0.950058,0.85743,0.452495,0.602458,0.937134,0.252492,0.950058,0.85743,0.000212014,1.02458,1.78632,1.26754,0.000462264,3.08716e-05,1.14888e-05
510,0.00488692,0.975755,-0.21881,-0.511958,-0.257808,-0.27561,1.116,0.0865312,-0.289286,1.052,-1,0,-0.103966,-0.207276,1.30248,-0.00748159,0.449261,1.425,0.252453,0.950052,0.857432,0.404008,0.559603,0.965457,0.252453,0.950052,0.857432,0.000187821,1.07025,1.15319,1.29161,0.000504237,3.40824e-05,1.07452e-05
512,0.00488692,0.975755,-0.21881,-0.511958,-0.257808,-0.27561,1.116,0.0865312,-0.289286,1.052,-1,0,-0.103043,-0.207583,1.30172,-0.00748159,0.449261,1.425,0.25222,0.950103,0.858076,0.374944,0.556412,0.941195,0.25222,0.950103,0.858076,0.00031729,1.05746,1.01299,1.50707,0.000464201,3.08326e-05,1.04678e-05
514,0.00488692,0.975755,-0.21881,-0.511958,-0.257808,-0.27561,1.116,0.0865312,-0.289286,1.052,-1,0,-0.103735,-0.207294,1.302,-0.00748159,0.449261,1.425,0.252142,0.950161,0.858373,0.36527,0.552618,0.92875,0.252142,0.950161,0.858373,0.000226503,1.009,1.00048,1.02174,0.000473239,3.09307e-05,1.28865e-05
516,0.00488692,0.975755,-0.21881,-0.511958,-0.257808,-0.27561,1.116,0.0865312,-0.289286,1.052,-1,0,-0.104036,-0.207326,1.30223,-0.00748159,0.449261,1.425,0.252067,0.950218,0.858708,0.389244,0.564019,0.962123,0.252067,0.950218,0.858708,0.000288559,1.00031,1.01693,1.00024,0.000498002,3.15339e-05,1.14887e-05
518,0.00488692,0.975755,-0.21881,-0.511958,-0.257808,-0.27561,1.116,0.0865312,-0.289286,1.052,-1,0,-0.103973,-0.206841,1.30279,-0.00748159,0.449261,1.425,0.252309,0.950099,0.858179,0.695739,0.489295,0.700797,0.252309,0.950099,0.858179,0.000261372,3.6828,1.57112,1.05606,0.000511485,2.98497e-05,1.18344e-05
521,0.00488692,0.975755,-0.21881,-0.511958,-0.257808,-0.27561,1.116,0.0865312,-0.289286,1.052,-1,0,-0.103038,-0.207536,1.30147,-0.00748159,0.449261,1.425,0.252228,0.950148,0.858595,0.612552,0.476681,0.789158,0.252228,0.950148,0.858595,0.000288403,5.00077,1.50575,1.05657,0.000472258,3.09918e-05,1.40394e-05
523,0.00488692,0.975755,-0.21881,-0.511958,-0.257808,-0.27561,1.116,0.0865312,-0.289286,1.052,-1,0,-0.103272,-0.207537,1.30205,-0.00748159,0.449261,1.425,0.252247,0.950126,0.858476,0.769158,0.322103,0.174637,0.252247,0.950126,0.858476,0.000240607,1.79445,2.84987,1.46845,0.000466495,3.25626e-05,9.76711e-06
525,0.00488692,0.975755,-0.21881,-0.511958,-0.257808,-0.27561,1.116,0.0865312,-0.289286,1.052,-1,0,-0.103723,-0.20742,1.30204,-0.00748159,0.449261,1.425,0.252217,0.950126,0.858479,0.389403,0.542684,0.938649,0.252217,0.950126,0.858479,0.000128763,1.23471,1.25967,1.13598,0.000481688,3.26475e-05,9.73719e-06
527,0.00488692,0.975755,-0.21881,-0.511958,-0.257808,-0.27561,1.116,0.0865312,-0.289286,1.052,-1,0,-0.103605,-0.207281,1.30228,-0.00748159,0.449261,1.425,0.252247,0.950066,0.858541,0.549317,0.129487,0.372064,0.252247,0.950066,0.858541,6.45783e-05,1.24201,1.10165,1.49282,0.000478955,3.05201e-05,1.30065e-05
529,0.00488692,0.975755,-0.21881,-0.511958,-0.257808,-0.27561,1.116,0.0865312,-0.289286,1.052,-1,0,-0.102871,-0.207505,1.30156,-0.00748159,0.449261,1.425,0.252058,0.950146,0.859068,0.387484,0.515575,0.907199,0.252058,0.950146,0.859068,0.000156358,1.08832,1.4507,2.10106,0.000450874,3.1834e-05,1.07763e-05
531,0.00488692,0.975755,-0.21881,-0.511958,-0.257808,-0.27561,1.116,0.0865312,-0.289286,1.052,-1,0,-0.107573,-0.206029,1.30644,-0.00748159,0.449261,1.425,0.252514,0.949892,0.857006,0.573196,0.419928,0.0240821,0.252514,0.949892,0.857006,0.000607389,1.68421,1.14053,1.51134,0.000666919,3.22135e-05,1.55874e-05
533,0.00488692,0.975755,-0.21881,-0.511958,-0.257808,-0.27561,1.116,0.0865312,-0.289286,1.052,-1,0,-0.103414,-0.207184,1.30194,-0.00748159,0.449261,1.425,0.252595,0.949906,0.85698,0.580463,0.448456,0.0399666,0.252595,0.949906,0.85698,0.0006048,1.0421,1.80791,1.05817,0.000475178,3.158e-05,1.20743e-05
536,0.00488692,0.975755,-0.21881,-0.511958,-0.257808,-0.27561,1.116,0.0865312,-0.289286,1.052,-1,0,-0.105925,-0.206649,1.30464,-0.00748159,0.449261,1.425,0.252834,0.949751,0.855927,0.58966,0.436027,0.028976,0.252834,0.949751,0.855927,0.000719331,1.0806,1.00285,1.47934,0.000641324,3.36238e-05,1.54329e-05
538,0.00488692,0.975755,-0.21881,-0.511958,-0.257808,-0.27561,1.116,0.0865312,-0.289286,1.052,-1,0,-0.102646,-0.207681,1.30138,-0.00748159,0.449261,1.425,0.252725,0.949787,0.856336,0.615562,0.421805,0.0306254,0.252725,0.949787,0.856336,0.000350937,2.26962,1.00243,1.00254,0.000458698,3.01267e-05,1.23063e-05
540,0.00488692,0.975755,-0.21881,-0.511958,-0.257808,-0.27561,1.116,0.0865312,-0.289286,1.052,-1,0,-0.106701,-0.206378,1.30525,-0.00748159,0.449261,1.425,0.253045,0.949648,0.854714,0.571803,0.442333,0.0368131,0.253045,0.949648,0.854714,0.000686604,1.67296,1.00261,1.00017,0.000630876,3.22221e-05,1.37223e-05
542,0.00488692,0.975755,-0.21881,-0.511958,-0.257808,-0.27561,1.116,0.0865312,-0.289286,1.052,-1,0,-0.107728,-0.205975,1.3062,-0.00748159,0.449261,1.425,0.253041,0.949699,0.854741,0.56175,0.478199,0.0713714,0.253041,0.949699,0.854741,0.000473343,1.06253,1.00546,1.00191,0.00068133,3.17789e-05,1.5531e-05
544,0.00488692,0.975755,-0.21881,-0.511958,-0.257808,-0.27561,1.116,0.0865312,-0.289286,1.052,-1,0,-0.107285,-0.206108,1.30622,-0.00748159,0.449261,1.425,0.253373,0.949474,0.852967,0.569175,0.452494,0.0473534,0.253373,0.949474,0.852967,0.000773563,1.06179,1.00006,1.00154,0.000674106,2.95174e-05,1.62249e-05
547,0.00488692,0.975755,-0.21881,-0.511958,-0.257808,-0.27561,1.116,0.0865312,-0.289286,1.052,-1,0,-0.103297,-0.207707,1.30134,-0.00748159,0.449261,1.425,0.253045,0.949701,0.854289,0.49968,0.55614,0.152246,0.253045,0.949701,0.854289,0.000701636,6.45469,1.004,1.00948,0.000450879,3.16662e-05,1.2104e-05
