13,0.00366179,0.965719,-0.259564,-0.551696,-0.254574,-0.272152,1.102,0.0833215,-0.283523,1.058,-1,0,-0.179851,-0.124204,1.28685,0,0,0,0.940195,0.0570403,0.0864163,0,0.932226,0.88775,0.470098,0.494633,0.487083,0.0870188,1,1,1,0.00263161,4.07472e-05,6.99849e-06
44,0.00366179,0.965719,-0.259564,-0.551696,-0.254574,-0.272152,1.102,0.0833215,-0.283523,1.058,-1,0,-0.178823,-0.115275,1.28181,0,0,0,0.502619,0.278585,0.34235,3.27735e-09,0.903931,0.839866,0.251309,0.591258,0.591108,0.173642,1.00001,1,1,0.00183225,3.62021e-05,7.52542e-06
47,0.00366179,0.965719,-0.259564,-0.551696,-0.254574,-0.272152,1.102,0.0833215,-0.283523,1.058,-1,0,-0.179484,-0.118838,1.28312,0,0,0,0.136469,0.704909,0.722299,0,0.844058,0.739468,0.0682346,0.774483,0.730884,0.260379,1,1,1,0.00206122,4.14148e-05,8.77877e-06
49,0.00366179,0.965719,-0.259564,-0.551696,-0.254574,-0.272152,1.102,0.0833215,-0.283523,1.058,-1,0,-0.178731,-0.121325,1.28407,0,0,0,0.0187912,0.974831,0.899083,0.000327083,0.657534,0.51754,0.00955913,0.816183,0.708312,0.260168,1,1,1,0.00207289,3.70654e-05,6.95009e-06
51,0.00366179,0.965719,-0.259564,-0.551696,-0.254574,-0.272152,1.102,0.0833215,-0.283523,1.058,-1,0,-0.178718,-0.119909,1.28352,0,0,0,0.00131526,0.952274,0.762333,4.26871e-05,0.286098,0.280383,0.000678973,0.619186,0.521358,0.260307,1,1,1,0.00198875,3.61042e-05,6.89072e-06
53,0.00366179,0.965719,-0.259564,-0.551696,-0.254574,-0.272152,1.102,0.0833215,-0.283523,1.058,-1,0,-0.179495,-0.119633,1.28369,0,0,0,0.00132617,0.95216,0.762385,0.000162939,0.287034,0.280939,0.000744554,0.619597,0.521662,0.173941,1.00705,1,1,0.00208053,4.1026e-05,7.20351e-06
55,0.00366179,0.965719,-0.259564,-0.551696,-0.254574,-0.272152,1.102,0.0833215,-0.283523,1.058,-1,0,-0.179456,-0.119674,1.28312,0,0,0,0.00132075,0.952525,0.762628,1.99829e-05,0.286429,0.280588,0.000670365,0.619477,0.521608,0.0874425,5.41315,1.00142,1,0.00209142,4.12736e-05,7.06485e-06
57,0.00366179,0.965719,-0.259564,-0.551696,-0.254574,-0.272152,1.102,0.0833215,-0.283523,1.058,-1,0,-0.179405,-0.120108,1.28353,0,0,0,0.00131919,0.95261,0.762753,0.751333,0.934898,0.724662,0.00131919,0.95261,0.762753,0.000769236,1.0034,1.00282,1.0008,0.00202234,4.15428e-05,7.3563e-06
59,0.00366179,0.965719,-0.259564,-0.551696,-0.254574,-0.272152,1.102,0.0833215,-0.283523,1.058,-1,0,-0.178686,-0.121524,1.28342,0,0,0,0.00132108,0.952719,0.762929,0.409992,0.664642,0.581895,0.00132108,0.952719,0.762929,0.000442978,1.34812,1.37099,1.00166,0.00203509,3.68627e-05,8.28828e-06
62,0.00366179,0.965719,-0.259564,-0.551696,-0.254574,-0.272152,1.102,0.0833215,-0.283523,1.058,-1,0,-0.178743,-0.122344,1.28363,0,0,0,0.00132005,0.952983,0.763268,0.48114,0.714724,0.65243,0.00132005,0.952983,0.763268,0.000296683,1.15846,1.02756,1.00283,0.00203767,3.65965e-05,8.61559e-06
64,0.00366179,0.965719,-0.259564,-0.551696,-0.254574,-0.272152,1.102,0.0833215,-0.283523,1.058,-1,0,-0.178656,-0.119611,1.28339,0,0,0,0.0013213,0.952974,0.763531,0.577456,0.735782,0.776155,0.0013213,0.952974,0.763531,0.000266919,1.3038,1.00756,1.06743,0.00211819,3.67433e-05,8.0111e-06
66,0.00366179,0.965719,-0.259564,-0.551696,-0.254574,-0.272152,1.102,0.0833215,-0.283523,1.058,-1,0,-0.178741,-0.122849,1.28383,0,0,0,0.00131856,0.953197,0.764035,0.45432,0.64421,0.679552,0.00131856,0.953197,0.764035,0.000444023,1.19294,1.03801,1.01655,0.00212825,3.63812e-05,7.66491e-06
68,0.00366179,0.965719,-0.259564,-0.551696,-0.254574,-0.272152,1.102,0.0833215,-0.283523,1.058,-1,0,-0.179641,-0.11941,1.28361,0,0,0,0.00131844,0.953121,0.763857,0.440031,0.583582,0.699443,0.00131844,0.953121,0.763857,0.000330878,1.54069,1.02003,1.03228,0.00207592,4.18586e-05,7.44151e-06
70,0.00366179,0.965719,-0.259564,-0.551696,-0.254574,-0.272152,1.102,0.0833215,-0.283523,1.058,-1,0,-0.179604,-0.119952,1.28398,0,0,0,0.00131683,0.952918,0.763279,0.160361,0.44291,0.361159,0.00131683,0.952918,0.763279,0.000398451,1.0079,4.31764,1.27129,0.00203546,4.18399e-05,7.78378e-06
72,0.00366179,0.965719,-0.259564,-0.551696,-0.254574,-0.272152,1.102,0.0833215,-0.283523,1.058,-1,0,-0.179489,-0.117771,1.28303,0,0,0,0.00131961,0.952519,0.762532,0.515336,0.328982,0.296211,0.00131961,0.952519,0.762532,0.000487835,1.03304,2.29579,9.08551,0.00202018,4.19676e-05,8.46699e-06
74,0.00366179,0.965719,-0.259564,-0.551696,-0.254574,-0.272152,1.102,0.0833215,-0.283523,1.058,-1,0,-0.178819,-0.122434,1.28404,0,0,0,0.00131682,0.952764,0.762785,0.455412,0.333808,0.211441,0.00131682,0.952764,0.762785,0.000631893,3.84126,1.0061,4.4991,0.00205856,3.67372e-05,6.29882e-06
76,0.00366179,0.965719,-0.259564,-0.551696,-0.254574,-0.272152,1.102,0.0833215,-0.283523,1.058,-1,0,-0.179718,-0.126281,1.2859,0,0,0,0.00130928,0.952928,0.762632,0.226027,0.504529,0.312759,0.00130928,0.952928,0.762632,0.000779809,1.01612,3.43154,1.01413,0.00259067,4.24567e-05,9.19653e-06
79,0.00366179,0.965719,-0.259564,-0.551696,-0.254574,-0.272152,1.102,0.0833215,-0.283523,1.058,-1,0,-0.178861,-0.120043,1.28354,0,0,0,0.00130963,0.952964,0.762931,0.352538,0.603218,0.547969,0.00130963,0.952964,0.762931,0.000535366,1.13131,1.98443,4.13898,0.0020032,3.57013e-05,6.47077e-06
81,0.00366179,0.965719,-0.259564,-0.551696,-0.254574,-0.272152,1.102,0.0833215,-0.283523,1.058,-1,0,-0.178827,-0.123271,1.28457,0,0,0,0.00130725,0.953216,0.763495,0.367742,0.598604,0.581398,0.00130725,0.953216,0.763495,0.000572582,1.04356,1.04441,2.19897,0.00210494,3.6202e-05,7.32673e-06
84,0.00366179,0.965719,-0.259564,-0.551696,-0.254574,-0.272152,1.102,0.0833215,-0.283523,1.058,-1,0,-0.179476,-0.120775,1.28383,0,0,0,0.00130403,0.953444,0.763779,0.422603,0.623648,0.646525,0.00130403,0.953444,0.763779,0.000505031,1.00706,1.01034,1.13358,0.00214856,4.19028e-05,7.78544e-06
86,0.00366179,0.965719,-0.259564,-0.551696,-0.254574,-0.272152,1.102,0.0833215,-0.283523,1.058,-1,0,-0.178914,-0.122432,1.2844,0,0,0,0.00130293,0.9534,0.763681,0.390408,0.614184,0.603209,0.00130293,0.9534,0.763681,0.0004627,1.08111,1.02648,1.00414,0.00214588,3.70732e-05,7.44795e-06
88,0.00366179,0.965719,-0.259564,-0.551696,-0.254574,-0.272152,1.102,0.0833215,-0.283523,1.058,-1,0,-0.179691,-0.119567,1.28346,0,0,0,0.00131209,0.952974,0.763193,0.633738,0.392517,0.430087,0.00131209,0.952974,0.763193,0.000708309,1.06873,12.639,2.99261,0.00208178,4.20287e-05,6.55246e-06
91,0.00366179,0.965719,-0.259564,-0.551696,-0.254574,-0.272152,1.102,0.0833215,-0.283523,1.058,-1,0,-0.180584,-0.122156,1.29186,0,0,0,0.00128623,0.952164,0.761342,0.230117,0.170535,0.16808,0.00128623,0.952164,0.761342,0.00108436,2.07751,1.46337,1.9199,0.00224918,4.55011e-05,5.27458e-06
93,0.00366179,0.965719,-0.259564,-0.551696,-0.254574,-0.272152,1.102,0.0833215,-0.283523,1.058,-1,0,-0.18066,-0.129797,1.29398,0.59394,0.471687,1.374,0.0319959,0.951693,0.759877,0.447224,0.303363,0.262202,0.0319959,0.951693,0.759877,0.00183257,1.01556,1.67399,1.17046,0.00279777,4.70447e-05,6.71813e-06
95,0.00366179,0.965719,-0.259564,-0.551696,-0.254574,-0.272152,1.102,0.0833215,-0.283523,1.058,-1,0,-0.180716,-0.130452,1.29436,0.59394,0.471687,1.374,0.0316819,0.95136,0.758755,0.380283,0.414836,0.377851,0.0316819,0.95136,0.758755,0.00231364,1.00291,1.16814,1.22164,0.00276818,4.5536e-05,6.14664e-06
97,0.00366179,0.965719,-0.259564,-0.551696,-0.254574,-0.272152,1.102,0.0833215,-0.283523,1.058,-1,0,-0.179828,-0.124503,1.2924,0.59394,0.471687,1.374,0.0316135,0.950494,0.757113,0.384792,0.411755,0.382628,0.0316135,0.950494,0.757113,0.00228474,1.02825,1.00233,1.11586,0.0022292,3.95976e-05,6.1905e-06
100,0.00366179,0.965719,-0.259564,-0.551696,-0.254574,-0.272152,1.102,0.0833215,-0.283523,1.058,-1,0,-0.180449,-0.123293,1.2918,0.59394,0.471687,1.374,0.0314997,0.949741,0.755665,0.401398,0.389979,0.373977,0.0314997,0.949741,0.755665,0.00212323,1.00354,1.01409,1.01931,0.00231389,4.5274e-05,5.58211e-06
102,0.00366179,0.965719,-0.259564,-0.551696,-0.254574,-0.272152,1.102,0.0833215,-0.283523,1.058,-1,0,-0.180543,-0.122049,1.29184,0.59394,0.471687,1.374,0.0315048,0.94973,0.755664,0.437268,0.335009,0.332719,0.0315048,0.94973,0.755664,0.00117369,1.01982,1.0025,1.00663,0.00219288,4.58441e-05,6.80862e-06
104,0.00366179,0.965719,-0.259564,-0.551696,-0.254574,-0.272152,1.102,0.0833215,-0.283523,1.058,-1,0,-0.180898,-0.131417,1.29502,0.479485,0.492774,1.473,0.0505522,0.949773,0.755616,0.429333,0.385364,0.372059,0.0505522,0.949773,0.755616,0.000748484,1.12042,1.0172,1.00052,0.00274637,4.65844e-05,5.8281e-06
106,0.00366179,0.965719,-0.259564,-0.551696,-0.254574,-0.272152,1.102,0.0833215,-0.283523,1.058,-1,0,-0.180571,-0.123173,1.29192,0.479485,0.492774,1.473,0.0509054,0.949303,0.755119,0.703843,0.374705,0.416768,0.0509054,0.949303,0.755119,0.000648983,1.64952,2.05693,1.35333,0.00227634,4.41881e-05,4.97779e-06
108,0.00366179,0.965719,-0.259564,-0.551696,-0.254574,-0.272152,1.102,0.0833215,-0.283523,1.058,-1,0,-0.180431,-0.122075,1.2914,0.479485,0.492774,1.473,0.0509839,0.949209,0.754832,0.67602,0.395961,0.410838,0.0509839,0.949209,0.754832,0.000820856,1.00621,1.41709,1.80422,0.00232484,4.35608e-05,5.4572e-06
111,0.00366179,0.965719,-0.259564,-0.551696,-0.254574,-0.272152,1.102,0.0833215,-0.283523,1.058,-1,0,-0.180532,-0.122834,1.29193,0.479485,0.492774,1.473,0.0510055,0.949142,0.754716,0.681233,0.400273,0.423684,0.0510055,0.949142,0.754716,0.00072391,1.02801,1.00518,2.70327,0.0022707,4.62996e-05,5.75244e-06
113,0.00366179,0.965719,-0.259564,-0.551696,-0.254574,-0.272152,1.102,0.0833215,-0.283523,1.058,-1,0,-0.180351,-0.122036,1.29173,0.479485,0.492774,1.473,0.0510153,0.949146,0.754785,0.648604,0.415411,0.402461,0.0510153,0.949146,0.754785,0.000226698,1.45489,1.00464,1.00339,0.00218658,4.32477e-05,5.73844e-06
116,0.00366179,0.965719,-0.259564,-0.551696,-0.254574,-0.272152,1.102,0.0833215,-0.283523,1.058,-1,0,-0.180575,-0.121634,1.29138,0.382539,0.501044,1.467,0.0815005,0.948539,0.754201,0.722179,0.396075,0.447365,0.0815005,0.948539,0.754201,0.000743222,1.01548,1.00701,1.00213,0.00227744,4.51346e-05,5.43133e-06
118,0.00366179,0.965719,-0.259564,-0.551696,-0.254574,-0.272152,1.102,0.0833215,-0.283523,1.058,-1,0,-0.180647,-0.129852,1.2941,0.382539,0.501044,1.467,0.0809869,0.948992,0.754704,0.718909,0.429075,0.4966,0.0809869,0.948992,0.754704,0.00117918,5.07619,1.01367,1.00502,0.00274633,4.58433e-05,6.31747e-06
121,0.00366179,0.965719,-0.259564,-0.551696,-0.254574,-0.272152,1.102,0.0833215,-0.283523,1.058,-1,0,-0.180383,-0.121908,1.29156,0.382539,0.501044,1.467,0.0810081,0.948947,0.754657,0.726306,0.40608,0.467481,0.0810081,0.948947,0.754657,0.00118008,1.04935,4.82677,1.00779,0.00218239,4.28747e-05,4.80975e-06
123,0.00366179,0.965719,-0.259564,-0.551696,-0.254574,-0.272152,1.102,0.0833215,-0.283523,1.058,-1,0,-0.179862,-0.124377,1.2922,0.382539,0.501044,1.467,0.0809358,0.949047,0.754991,0.303588,0.598537,0.582971,0.0809358,0.949047,0.754991,0.000597501,1.20389,2.25947,7.30614,0.00227737,3.85714e-05,7.42177e-06
126,0.00366179,0.965719,-0.259564,-0.551696,-0.254574,-0.272152,1.102,0.0833215,-0.283523,1.058,-1,0,-0.180315,-0.123604,1.29217,0.382539,0.501044,1.467,0.0808181,0.949158,0.755134,0.345869,0.586592,0.623982,0.0808181,0.949158,0.755134,0.000237922,1.01992,1.00693,4.78575,0.00229643,4.28091e-05,5.82953e-06
129,0.00366179,0.965719,-0.259564,-0.551696,-0.254574,-0.272152,1.102,0.0833215,-0.283523,1.058,-1,0,-0.180402,-0.12391,1.29194,0.33715,0.481685,1.396,0.117901,0.949324,0.755389,0.297337,0.611749,0.618398,0.117901,0.949324,0.755389,0.000379067,1.00045,1.0176,3.77562,0.00227213,4.2888e-05,5.34454e-06
131,0.00366179,0.965719,-0.259564,-0.551696,-0.254574,-0.272152,1.102,0.0833215,-0.283523,1.058,-1,0,-0.180669,-0.130325,1.29409,0.33715,0.481685,1.396,0.117844,0.949379,0.755454,0.263012,0.625872,0.593861,0.117844,0.949379,0.755454,0.000297104,1.0056,1.00343,1.0009,0.00274547,4.5026e-05,6.74805e-06
134,0.00366179,0.965719,-0.259564,-0.551696,-0.254574,-0.272152,1.102,0.0833215,-0.283523,1.058,-1,0,-0.180383,-0.121867,1.29149,0.33715,0.481685,1.396,0.117847,0.949385,0.755464,0.260471,0.639831,0.608245,0.117847,0.949385,0.755464,0.00019405,1.26925,1.00913,1.0058,0.00227084,4.53511e-05,5.63072e-06
136,0.00366179,0.965719,-0.259564,-0.551696,-0.254574,-0.272152,1.102,0.0833215,-0.283523,1.058,-1,0,-0.180678,-0.129804,1.29412,0.33715,0.481685,1.396,0.117175,0.949762,0.755642,0.224001,0.618619,0.535921,0.117175,0.949762,0.755642,0.000424898,1.0256,1.00611,1.01147,0.00276487,4.49122e-05,7.66317e-06
139,0.00366179,0.965719,-0.259564,-0.551696,-0.254574,-0.272152,1.102,0.0833215,-0.283523,1.058,-1,0,-0.180558,-0.131007,1.29479,0.33715,0.481685,1.396,0.116346,0.950219,0.756089,0.244305,0.602214,0.540587,0.116346,0.950219,0.756089,0.000916887,1.00148,1.00406,1.0024,0.00272263,4.32099e-05,7.04151e-06
142,0.00366179,0.965719,-0.259564,-0.551696,-0.254574,-0.272152,1.102,0.0833215,-0.283523,1.058,-1,0,-0.180695,-0.130117,1.29473,0.255234,0.448813,1.363,0.189532,0.950511,0.756303,0.232204,0.589823,0.534919,0.189532,0.950511,0.756303,0.00136531,1.00087,1.00136,1.00264,0.00270267,4.64986e-05,6.78861e-06
145,0.00366179,0.965719,-0.259564,-0.551696,-0.254574,-0.272152,1.102,0.0833215,-0.283523,1.058,-1,0,-0.180569,-0.129449,1.29431,0.255234,0.448813,1.363,0.189702,0.950377,0.756154,0.25008,0.57207,0.531681,0.189702,0.950377,0.756154,0.0010382,1.26084,1.00344,1.00247,0.00275497,4.75317e-05,6.72833e-06
148,0.00366179,0.965719,-0.259564,-0.551696,-0.254574,-0.272152,1.102,0.0833215,-0.283523,1.058,-1,0,-0.180469,-0.13038,1.29417,0.255234,0.448813,1.363,0.188269,0.950917,0.756762,0.24826,0.576523,0.538934,0.188269,0.950917,0.756762,0.00110967,1.20393,1.0002,1.00081,0.00268807,4.61728e-05,7.97228e-06
150,0.00366179,0.965719,-0.259564,-0.551696,-0.254574,-0.272152,1.102,0.0833215,-0.283523,1.058,-1,0,-0.180779,-0.129816,1.29436,0.255234,0.448813,1.363,0.188259,0.950889,0.756687,0.250334,0.575842,0.540802,0.188259,0.950889,0.756687,0.000673,1.01918,1.00405,1.00037,0.0026163,5.28216e-05,8.13212e-06
152,0.00366179,0.965719,-0.259564,-0.551696,-0.254574,-0.272152,1.102,0.0833215,-0.283523,1.058,-1,0,-0.181884,-0.121206,1.28698,0.0946446,0.400198,1.352,0.365217,0.951037,0.756666,0.496794,0.726325,0.587117,0.365217,0.951037,0.756666,0.00145269,1.03264,3.86566,1.64861,0.002068,5.81811e-05,9.47266e-06
154,0.00366179,0.965719,-0.259564,-0.551696,-0.254574,-0.272152,1.102,0.0833215,-0.283523,1.058,-1,0,-0.188089,-0.1003,1.26391,0.0946446,0.400198,1.352,0.371676,0.952514,0.757098,0.657087,0.541184,0.500745,0.514381,0.746849,0.628922,0.00375867,1.00179,1.3498,1.66204,0.00104417,5.33422e-05,2.52791e-05
157,0.00366179,0.965719,-0.259564,-0.551696,-0.254574,-0.272152,1.102,0.0833215,-0.283523,1.058,-1,0,-0.185183,-0.0985424,1.25711,0.0946446,0.400198,1.352,0.378516,0.95427,0.759006,0.6453,0.541959,0.511213,0.511908,0.748115,0.63511,0.00697997,1.00141,1.00176,1.16112,0.00090014,5.32544e-05,1.97308e-05
160,0.00366179,0.965719,-0.259564,-0.551696,-0.254574,-0.272152,1.102,0.0833215,-0.283523,1.058,-1,0,-0.171925,-0.0991762,1.24973,0.0946446,0.400198,1.352,0.387042,0.955833,0.765114,0.642146,0.538259,0.540327,0.514594,0.747046,0.652721,0.00980461,1.00874,1.00683,1.00417,0.00093266,5.10667e-05,2.41741e-05
163,0.00366179,0.965719,-0.259564,-0.551696,-0.254574,-0.272152,1.102,0.0833215,-0.283523,1.058,-1,0,-0.16259,-0.102363,1.25268,0.0946446,0.400198,1.352,0.395965,0.956538,0.773128,0.648173,0.52553,0.58262,0.522069,0.741034,0.677874,0.0104449,1.0048,1.02058,1.01193,0.000864765,4.43592e-05,7.15663e-06
165,0.00366179,0.965719,-0.259564,-0.551696,-0.254574,-0.272152,1.102,0.0833215,-0.283523,1.058,-1,0,-0.167511,-0.0991056,1.2578,-0.0190829,0.410616,1.363,0.459472,0.95632,0.778339,0.645929,0.505372,0.61048,0.552701,0.730846,0.69441,0.00982768,1.00054,1.01325,1.02334,0.000936375,4.949e-05,1.44592e-05
168,0.00366179,0.965719,-0.259564,-0.551696,-0.254574,-0.272152,1.102,0.0833215,-0.283523,1.058,-1,0,-0.165717,-0.100232,1.26079,-0.0190829,0.410616,1.363,0.461566,0.955312,0.784249,0.649372,0.477727,0.667331,0.555469,0.71652,0.72579,0.00766878,1.15269,1.02862,1.04286,0.000931494,4.84836e-05,8.60411e-06
171,0.00366179,0.965719,-0.259564,-0.551696,-0.254574,-0.272152,1.102,0.0833215,-0.283523,1.058,-1,0,-0.165342,-0.0992842,1.26004,-0.0190829,0.410616,1.363,0.463509,0.953796,0.788502,0.646083,0.419991,0.724294,0.554796,0.686894,0.756398,0.00546541,1.01042,1.17934,1.0819,0.000964578,4.67798e-05,1.05769e-05
174,0.00366179,0.965719,-0.259564,-0.551696,-0.254574,-0.272152,1.102,0.0833215,-0.283523,1.058,-1,1,-0.163767,-0.101732,1.25897,-0.0190829,0.410616,1.363,0.464093,0.952501,0.789118,0.576913,0.361582,0.704302,0.520503,0.657041,0.74671,0.0036836,1.06363,1.19959,1.23545,0.00102372,4.13774e-05,9.72811e-06
177,0.00366179,0.965719,-0.259564,-0.551696,-0.254574,-0.272152,1.102,0.0833215,-0.283523,1.058,-1,1,-0.161586,-0.0995513,1.25785,-0.0190829,0.410616,1.363,0.465519,0.951453,0.787901,0.602378,0.286558,0.598634,0.465519,0.951453,0.787901,0.00257554,1.08661,1.11244,1.23019,0.000972307,5.35839e-05,1.26994e-05
181,0.00366179,0.965719,-0.259564,-0.551696,-0.254574,-0.272152,1.102,0.0833215,-0.283523,1.058,-1,1,-0.162283,-0.0994937,1.2578,-0.0190829,0.410616,1.363,0.465897,0.951145,0.789176,0.603289,0.254644,0.528944,0.465897,0.951145,0.789176,0.001587,1.32669,1.02023,1.15917,0.00096637,4.98291e-05,1.21957e-05
184,0.00366179,0.965719,-0.259564,-0.551696,-0.254574,-0.272152,1.102,0.0833215,-0.283523,1.058,-1,1,-0.162268,-0.0998344,1.25828,-0.0190829,0.410616,1.363,0.466193,0.951152,0.790374,0.686132,0.259495,0.613335,0.466193,0.951152,0.790374,0.00103292,1.05461,1.21759,1.00856,0.000967477,4.74527e-05,1.32777e-05
187,0.00366179,0.965719,-0.259564,-0.551696,-0.254574,-0.272152,1.102,0.0833215,-0.283523,1.058,-1,1,-0.162875,-0.0997334,1.25965,-0.0190829,0.410616,1.363,0.46625,0.951085,0.791092,0.555029,0.444931,0.798116,0.46625,0.951085,0.791092,0.000804222,1.0354,1.19509,1.06195,0.000996555,4.80079e-05,1.01647e-05
191,0.00366179,0.965719,-0.259564,-0.551696,-0.254574,-0.272152,1.102,0.0833215,-0.283523,1.058,-1,1,-0.163231,-0.100696,1.26035,-0.0529016,0.411523,1.374,0.475611,0.950747,0.790779,0.593143,0.398619,0.745015,0.475611,0.950747,0.790779,0.000575089,1.35045,1.03851,1.10388,0.00100895,4.72825e-05,1.12274e-05
194,0.00366179,0.965719,-0.259564,-0.551696,-0.254574,-0.272152,1.102,0.0833215,-0.283523,1.058,-1,1,-0.162943,-0.101027,1.25946,-0.0529016,0.411523,1.374,0.475119,0.950843,0.790417,0.504566,0.330702,0.512311,0.475119,0.950843,0.790417,0.000460995,1.39812,1.89798,1.07869,0.000983484,4.62936e-05,1.24857e-05
196,0.00366179,0.965719,-0.259564,-0.551696,-0.254574,-0.272152,1.102,0.0833215,-0.283523,1.058,-1,1,-0.162528,-0.100393,1.25908,-0.0529016,0.411523,1.374,0.474887,0.950825,0.790274,0.459534,0.403398,0.326157,0.474887,0.950825,0.790274,0.000397499,1.02095,1.62006,1.56159,0.00101897,4.72209e-05,1.28421e-05
199,0.00366179,0.965719,-0.259564,-0.551696,-0.254574,-0.272152,1.102,0.0833215,-0.283523,1.058,-1,1,-0.162524,-0.100122,1.25905,-0.0529016,0.411523,1.374,0.474827,0.950788,0.790119,0.355864,0.513168,0.371084,0.474827,0.950788,0.790119,0.000334443,1.00947,1.01723,2.17151,0.00101893,4.89153e-05,1.44126e-05
201,0.00366179,0.965719,-0.259564,-0.551696,-0.254574,-0.272152,1.102,0.0833215,-0.283523,1.058,-1,1,-0.162622,-0.100496,1.25947,-0.06252,0.41393,1.374,0.473797,0.950892,0.790342,0.311137,0.5295,0.47408,0.473797,0.950892,0.790342,0.000217924,1.39963,1.02625,1.08024,0.00101926,4.68164e-05,1.54505e-05
204,0.00366179,0.965719,-0.259564,-0.551696,-0.254574,-0.272152,1.102,0.0833215,-0.283523,1.058,-1,1,-0.162737,-0.101225,1.25969,-0.06252,0.41393,1.374,0.473594,0.951005,0.79067,0.165119,0.693632,0.745993,0.473594,0.951005,0.79067,0.000177397,1.05229,1.49244,1.21557,0.00104835,4.60822e-05,1.14797e-05
206,0.00366179,0.965719,-0.259564,-0.551696,-0.254574,-0.272152,1.102,0.0833215,-0.283523,1.058,-1,1,-0.16184,-0.099658,1.25831,-0.06252,0.41393,1.374,0.47406,0.950887,0.790906,0.499127,0.560622,0.819709,0.47406,0.950887,0.790906,0.000260161,1.20563,1.8607,2.47122,0.00102154,5.43838e-05,1.54448e-05
209,0.00366179,0.965719,-0.259564,-0.551696,-0.254574,-0.272152,1.102,0.0833215,-0.283523,1.058,-1,1,-0.159515,-0.101609,1.25756,-0.06252,0.41393,1.374,0.473718,0.951015,0.792091,0.487577,0.53559,0.85329,0.473718,0.951015,0.792091,0.000444418,1.15878,1.0846,1.63167,0.00106142,4.78897e-05,1.45155e-05
211,0.00366179,0.965719,-0.259564,-0.551696,-0.254574,-0.272152,1.102,0.0833215,-0.283523,1.058,-1,1,-0.157244,-0.102566,1.25592,-0.06252,0.41393,1.374,0.472969,0.951332,0.794302,0.450988,0.547213,0.890939,0.472969,0.951332,0.794302,0.000819536,1.00057,1.0493,1.06593,0.000996534,5.97542e-05,1.2581e-05
214,0.00366179,0.965719,-0.259564,-0.551696,-0.254574,-0.272152,1.102,0.0833215,-0.283523,1.058,-1,1,-0.151745,-0.103308,1.25596,-0.062247,0.40733,1.368,0.48633,0.951328,0.797909,0.434838,0.531145,0.890231,0.48633,0.951328,0.797909,0.00146412,1.00738,1.01162,1.01371,0.00100432,6.00198e-05,1.04008e-05
216,0.00366179,0.965719,-0.259564,-0.551696,-0.254574,-0.272152,1.102,0.0833215,-0.283523,1.058,-1,1,-0.146719,-0.103366,1.25841,-0.062247,0.40733,1.368,0.48653,0.950567,0.802113,0.470785,0.473653,0.834159,0.48653,0.950567,0.802113,0.00230563,1.00784,1.01375,1.01034,0.001014,5.95775e-05,7.73177e-06
219,0.00366179,0.965719,-0.259564,-0.551696,-0.254574,-0.272152,1.102,0.0833215,-0.283523,1.058,-1,1,-0.127292,-0.102488,1.2683,-0.062247,0.40733,1.368,0.488453,0.947003,0.808328,0.51839,0.375724,0.729232,0.503421,0.661363,0.76878,0.00427035,1.01426,1.03344,1.02619,0.000936562,7.2685e-05,9.13819e-06
221,0.00366179,0.965719,-0.259564,-0.551696,-0.254574,-0.272152,1.102,0.0833215,-0.283523,1.058,-1,1,-0.109843,-0.106879,1.27803,-0.062247,0.40733,1.368,0.49093,0.94079,0.81587,0.531546,0.320411,0.663105,0.511238,0.630601,0.739487,0.00708458,1.00147,1.02529,1.03534,0.000946452,7.27038e-05,1.00432e-05
224,0.00366179,0.965719,-0.259564,-0.551696,-0.254574,-0.272152,1.102,0.0833215,-0.283523,1.058,-1,1,-0.102548,-0.111551,1.28259,-0.062247,0.40733,1.368,0.492334,0.93309,0.823259,0.524007,0.294881,0.626459,0.50817,0.613985,0.724859,0.0101046,1.00078,1.00689,1.03016,0.000875436,5.09392e-05,6.38582e-06
226,0.00366179,0.965719,-0.259564,-0.551696,-0.254574,-0.272152,1.102,0.0833215,-0.283523,1.058,-1,1,-0.0996464,-0.113083,1.28306,-0.0644049,0.401067,1.363,0.506305,0.924902,0.829491,0.509276,0.282848,0.605665,0.50779,0.603875,0.717578,0.0116685,1.00012,1.00224,1.01233,0.000875071,4.97322e-05,4.94205e-06
229,0.00366179,0.965719,-0.259564,-0.551696,-0.254574,-0.272152,1.102,0.0833215,-0.283523,1.058,-1,1,-0.0960875,-0.114142,1.28421,-0.0644049,0.401067,1.363,0.505695,0.916445,0.835226,0.49417,0.277037,0.593037,0.499932,0.596741,0.714131,0.0119254,1.00007,1.00066,1.00446,0.000848926,5.09936e-05,4.64189e-06
232,0.00366179,0.965719,-0.259564,-0.551696,-0.254574,-0.272152,1.102,0.0833215,-0.283523,1.058,-1,1,-0.0926873,-0.11531,1.28618,-0.0644049,0.401067,1.363,0.503009,0.910957,0.839605,0.474664,0.281902,0.590918,0.488836,0.59643,0.715261,0.0105582,1.00208,1.00092,1.00213,0.000839173,5.97539e-05,5.237e-06
234,0.00366179,0.965719,-0.259564,-0.551696,-0.254574,-0.272152,1.102,0.0833215,-0.283523,1.058,-1,1,-0.0899957,-0.120263,1.28706,-0.0644049,0.401067,1.363,0.499081,0.908676,0.84318,0.442326,0.304853,0.603363,0.470703,0.606764,0.723271,0.008295,1.00667,1.00623,1.00344,0.000882344,5.14242e-05,7.91677e-06
237,0.00366179,0.965719,-0.259564,-0.551696,-0.254574,-0.272152,1.102,0.0833215,-0.283523,1.058,-1,1,-0.0848246,-0.121553,1.28562,-0.0644049,0.401067,1.363,0.495955,0.907078,0.84703,0.39681,0.346791,0.636971,0.446383,0.626934,0.742001,0.00581097,1.00637,1.01187,1.00849,0.000886236,5.11031e-05,4.16852e-06
239,0.00366179,0.965719,-0.259564,-0.551696,-0.254574,-0.272152,1.102,0.0833215,-0.283523,1.058,-1,1,-0.084103,-0.125799,1.28296,-0.0620195,0.401067,1.363,0.491362,0.906585,0.851521,0.341951,0.40729,0.695397,0.416657,0.656938,0.773459,0.00441617,1.00662,1.01683,1.02024,0.000918148,5.2911e-05,4.19044e-06
242,0.00366179,0.965719,-0.259564,-0.551696,-0.254574,-0.272152,1.102,0.0833215,-0.283523,1.058,-1,1,-0.0840187,-0.126439,1.28216,-0.0620195,0.401067,1.363,0.486978,0.906788,0.855726,0.309259,0.452126,0.749105,0.398119,0.679457,0.802416,0.00386724,1.00308,1.0171,1.03067,0.000937182,5.59892e-05,4.89246e-06
244,0.00366179,0.965719,-0.259564,-0.551696,-0.254574,-0.272152,1.102,0.0833215,-0.283523,1.058,-1,1,-0.0819258,-0.126866,1.28166,-0.0620195,0.401067,1.363,0.482699,0.90743,0.860069,0.268949,0.502397,0.793936,0.375824,0.704913,0.827003,0.00359052,1.00329,1.01444,1.0384,0.000927731,5.30606e-05,4.7337e-06
246,0.00366179,0.965719,-0.259564,-0.551696,-0.254574,-0.272152,1.102,0.0833215,-0.283523,1.058,-1,1,-0.0789767,-0.126694,1.2805,-0.0620195,0.401067,1.363,0.480165,0.907653,0.86407,0.276131,0.523238,0.842644,0.378148,0.715446,0.853357,0.00320813,1.01413,1.01272,1.02916,0.000922554,4.65243e-05,5.16423e-06
249,0.00366179,0.965719,-0.259564,-0.551696,-0.254574,-0.272152,1.102,0.0833215,-0.283523,1.058,-1,1,-0.077427,-0.126746,1.27972,-0.0620195,0.401067,1.363,0.478052,0.908128,0.867161,0.296489,0.536811,0.886481,0.478052,0.908128,0.867161,0.00277077,1.00194,1.01941,1.0243,0.000910578,4.927e-05,6.23215e-06
251,0.00366179,0.965719,-0.259564,-0.551696,-0.254574,-0.272152,1.102,0.0833215,-0.283523,1.058,-1,1,-0.0774242,-0.130597,1.27987,-0.0500927,0.401067,1.363,0.475249,0.908204,0.869486,0.330082,0.525234,0.893571,0.475249,0.908204,0.869486,0.00226139,1.00597,1.00187,1.01858,0.000918921,4.67369e-05,5.52779e-06
254,0.00366179,0.965719,-0.259564,-0.551696,-0.254574,-0.272152,1.102,0.0833215,-0.283523,1.058,-1,1,-0.0734688,-0.133682,1.27808,-0.0500927,0.401067,1.363,0.472608,0.908131,0.872912,0.317808,0.514798,0.874849,0.472608,0.908131,0.872912,0.00220031,1.00036,1.0048,1.00352,0.000875329,5.0116e-05,7.64422e-06
256,0.00366179,0.965719,-0.259564,-0.551696,-0.254574,-0.272152,1.102,0.0833215,-0.283523,1.058,-1,1,-0.0712584,-0.133603,1.27616,-0.0500927,0.401067,1.363,0.470059,0.908166,0.87653,0.320802,0.497376,0.857082,0.470059,0.908166,0.87653,0.00239853,1.00149,1.00185,1.00122,0.000894769,4.50271e-05,7.29542e-06
259,0.00366179,0.965719,-0.259564,-0.551696,-0.254574,-0.272152,1.102,0.0833215,-0.283523,1.058,-1,1,-0.0666028,-0.125605,1.27499,-0.0500927,0.401067,1.363,0.47034,0.906931,0.879258,0.386131,0.454548,0.836717,0.47034,0.906931,0.879258,0.00271872,1.04582,1.01618,1.00547,0.000906085,3.49808e-05,6.41542e-06
261,0.00366179,0.965719,-0.259564,-0.551696,-0.254574,-0.272152,1.102,0.0833215,-0.283523,1.058,-1,1,-0.0617046,-0.119849,1.27967,-0.0500927,0.401067,1.363,0.473056,0.903552,0.880516,0.507262,0.34902,0.727585,0.473056,0.903552,0.880516,0.00296794,1.03436,1.09543,1.04908,0.000890141,4.43002e-05,5.80133e-06
264,0.00366179,0.965719,-0.259564,-0.551696,-0.254574,-0.272152,1.102,0.0833215,-0.283523,1.058,-1,1,-0.0565596,-0.119491,1.28762,-0.00969546,0.439076,1.385,0.400053,0.897478,0.880258,0.64974,0.207974,0.575398,0.524897,0.552726,0.727828,0.00370865,1.01319,1.10927,1.14133,0.000986222,2.57234e-05,6.95148e-06
266,0.00366179,0.965719,-0.259564,-0.551696,-0.254574,-0.272152,1.102,0.0833215,-0.283523,1.058,-1,1,-0.0517418,-0.115599,1.30058,-0.00969546,0.439076,1.385,0.408239,0.887767,0.875974,0.710269,0.0772496,0.44307,0.559254,0.482508,0.659522,0.00521167,1.0194,1.07153,1.1871,0.00110995,2.7381e-05,9.666e-06
269,0.00366179,0.965719,-0.259564,-0.551696,-0.254574,-0.272152,1.102,0.0833215,-0.283523,1.058,-1,1,-0.0479609,-0.10304,1.31916,-0.00969546,0.439076,1.385,0.421935,0.87214,0.86537,0.730102,0.0218351,0.338698,0.576019,0.446988,0.602034,0.00791202,1.00657,1.04978,1.14243,0.000982833,3.49998e-05,1.17359e-05
272,0.00366179,0.965719,-0.259564,-0.551696,-0.254574,-0.272152,1.102,0.0833215,-0.283523,1.058,-1,1,-0.0373354,-0.0907772,1.3297,-0.00969546,0.439076,1.385,0.437869,0.851755,0.851482,0.722221,0.0655447,0.283324,0.580045,0.45865,0.567403,0.0109972,1.00028,1.01741,1.07435,0.000872601,2.37978e-05,6.70366e-06
274,0.00366179,0.965719,-0.259564,-0.551696,-0.254574,-0.272152,1.102,0.0833215,-0.283523,1.058,-1,1,-0.0263172,-0.0836955,1.34642,0.0754461,0.490798,1.437,0.335973,0.826401,0.834167,0.742796,0.0793342,0.258533,0.539385,0.452868,0.54635,0.0141724,1.00053,1.00176,1.02714,0.000973833,2.64962e-05,1.38013e-05
276,0.00366179,0.965719,-0.259564,-0.551696,-0.254574,-0.272152,1.102,0.0833215,-0.283523,1.058,-1,1,-0.021083,-0.0776958,1.36152,0.0754461,0.490798,1.437,0.355307,0.797139,0.812651,0.727457,0.0808419,0.244689,0.541382,0.43899,0.52867,0.0164615,1.00024,1.00072,1.00609,0.0010037,3.58299e-05,1.84409e-05
279,0.00366179,0.965719,-0.259564,-0.551696,-0.254574,-0.272152,1.102,0.0833215,-0.283523,1.058,-1,1,-0.0103327,-0.0681984,1.37174,0.0754461,0.490798,1.437,0.376684,0.764801,0.789861,0.72283,0.0734293,0.235836,0.549757,0.419115,0.512848,0.018051,1.00093,1.00006,1.00071,0.000807145,2.25759e-05,1.43336e-05
281,0.00366179,0.965719,-0.259564,-0.551696,-0.254574,-0.272152,1.102,0.0833215,-0.283523,1.058,-1,1,-0.00411024,-0.0622953,1.38416,0.0754461,0.490798,1.437,0.395742,0.733289,0.768723,0.719812,0.0614074,0.23288,0.557777,0.397348,0.500802,0.0183578,1.00066,1.00107,1.00009,0.000853497,2.97288e-05,1.03009e-05
283,0.00366179,0.965719,-0.259564,-0.551696,-0.254574,-0.272152,1.102,0.0833215,-0.283523,1.058,-1,1,-0.00128778,-0.0558571,1.3992,0.0754461,0.490798,1.437,0.412444,0.70257,0.745455,0.707127,0.0561136,0.22849,0.559786,0.379342,0.486972,0.0179384,1.00179,1.00051,1.00035,0.000677344,3.33304e-05,1.43057e-05
285,0.00366179,0.965719,-0.259564,-0.551696,-0.254574,-0.272152,1.102,0.0833215,-0.283523,1.058,-1,1,-0.000908814,-0.0548595,1.41041,0.0754461,0.490798,1.437,0.425984,0.676012,0.723093,0.685883,0.0687417,0.214373,0.555933,0.372377,0.468733,0.0165816,1.00113,1.00271,1.00027,0.000784061,2.047e-05,8.18767e-06
288,0.00366179,0.965719,-0.259564,-0.551696,-0.254574,-0.272152,1.102,0.0833215,-0.283523,1.058,-1,1,-0.0121503,-0.0523306,1.42229,0.0754461,0.490798,1.437,0.437042,0.654076,0.700413,0.665785,0.105138,0.176634,0.551414,0.379607,0.438524,0.015121,1.00574,1.00774,1.00394,0.00068414,2.00331e-05,4.95026e-06
290,0.00366179,0.965719,-0.259564,-0.551696,-0.254574,-0.272152,1.102,0.0833215,-0.283523,1.058,-1,1,-0.0177187,-0.0491126,1.43092,0.0754461,0.490798,1.437,0.444652,0.636841,0.677793,0.640896,0.158084,0.127226,0.542774,0.397462,0.40251,0.0135811,1.00893,1.01924,1.01663,0.000642276,3.16537e-05,1.29334e-05
292,0.00366179,0.965719,-0.259564,-0.551696,-0.254574,-0.272152,1.102,0.0833215,-0.283523,1.058,-1,1,-0.0280875,-0.0485723,1.43558,0.0754461,0.490798,1.437,0.448935,0.625693,0.657069,0.605305,0.233504,0.0816609,0.52712,0.429599,0.369365,0.0124961,1.01204,1.03546,1.04292,0.000713253,3.94189e-05,2.37391e-05
294,0.00366179,0.965719,-0.259564,-0.551696,-0.254574,-0.272152,1.102,0.0833215,-0.283523,1.058,-1,1,-0.0370186,-0.0447416,1.4389,0.0754461,0.490798,1.437,0.451095,0.620089,0.639344,0.564462,0.315174,0.100954,0.507778,0.467632,0.370149,0.0117034,1.01066,1.04366,1.07041,0.000607045,4.48259e-05,1.21e-05
297,0.00366179,0.965719,-0.259564,-0.551696,-0.254574,-0.272152,1.102,0.0833215,-0.283523,1.058,-1,1,-0.045378,-0.0408981,1.44386,0.0548336,0.530489,1.492,0.385909,0.616875,0.622027,0.568683,0.38794,0.154536,0.477296,0.502407,0.388282,0.0113533,1.00465,1.03744,1.08774,0.000586585,2.96493e-05,1.89624e-05
299,0.00366179,0.965719,-0.259564,-0.551696,-0.254574,-0.272152,1.102,0.0833215,-0.283523,1.058,-1,1,-0.0493393,-0.0453715,1.4527,0.0548336,0.530489,1.492,0.387321,0.613979,0.607524,0.545057,0.427925,0.192846,0.466189,0.520952,0.400185,0.0106984,1.00149,1.01298,1.06466,0.000639111,4.05891e-05,2.13873e-05
301,0.00366179,0.965719,-0.259564,-0.551696,-0.254574,-0.272152,1.102,0.0833215,-0.283523,1.058,-1,1,-0.056845,-0.0535191,1.47315,0.0548336,0.530489,1.492,0.384892,0.609794,0.591134,0.50756,0.43593,0.209215,0.446226,0.522862,0.400174,0.0109103,1.00843,1.00522,1.02599,0.000717332,3.04601e-05,1.28698e-05
303,0.00366179,0.965719,-0.259564,-0.551696,-0.254574,-0.272152,1.102,0.0833215,-0.283523,1.058,-1,1,-0.0546775,-0.0571194,1.47562,0.0548336,0.530489,1.492,0.381437,0.604375,0.57732,0.463983,0.421354,0.216856,0.42271,0.512865,0.397088,0.0103404,1.00441,1.01997,1.00966,0.000677014,2.90772e-05,1.39151e-05
306,0.00366179,0.965719,-0.259564,-0.551696,-0.254574,-0.272152,1.102,0.0833215,-0.283523,1.058,-1,1,-0.0579783,-0.0576319,1.48157,0.0548336,0.530489,1.492,0.376701,0.597684,0.563924,0.426004,0.401116,0.228891,0.401352,0.4994,0.396407,0.0103879,1.00299,1.01799,1.02482,0.000853437,3.26264e-05,1.26457e-05
309,0.00366179,0.965719,-0.259564,-0.551696,-0.254574,-0.272152,1.102,0.0833215,-0.283523,1.058,-1,1,-0.0549891,-0.0536601,1.48273,-0.0711619,0.538105,1.506,0.375338,0.589949,0.552789,0.44038,0.369576,0.236276,0.407859,0.479762,0.394532,0.00934033,1.0055,1.01534,1.03708,0.000799206,3.05956e-05,9.75781e-06
311,0.00366179,0.965719,-0.259564,-0.551696,-0.254574,-0.272152,1.102,0.0833215,-0.283523,1.058,-1,1,-0.0528556,-0.0533251,1.47961,-0.0711619,0.538105,1.506,0.373188,0.583816,0.545199,0.425083,0.343512,0.243142,0.399135,0.463664,0.39417,0.00797084,1.00146,1.01285,1.03092,0.000883768,2.91543e-05,1.20245e-05
313,0.00366179,0.965719,-0.259564,-0.551696,-0.254574,-0.272152,1.102,0.0833215,-0.283523,1.058,-1,1,-0.0478661,-0.0530794,1.47295,-0.0711619,0.538105,1.506,0.373247,0.582361,0.546129,0.420079,0.298814,0.259031,0.396663,0.440587,0.40258,0.00528654,1.31783,1.02668,1.03225,0.000677984,3.14577e-05,1.59096e-05
315,0.00366179,0.965719,-0.259564,-0.551696,-0.254574,-0.272152,1.102,0.0833215,-0.283523,1.058,-1,1,-0.047727,-0.0531973,1.47285,-0.0711619,0.538105,1.506,0.374433,0.581394,0.547058,0.466601,0.192477,0.311678,0.420517,0.386936,0.429368,0.00304807,1.03936,1.33899,1.05719,0.000687347,3.12112e-05,1.4991e-05
318,0.00366179,0.965719,-0.259564,-0.551696,-0.254574,-0.272152,1.102,0.0833215,-0.283523,1.058,-1,1,-0.0454792,-0.0530062,1.47542,-0.0711619,0.538105,1.506,0.375727,0.580399,0.549504,0.57726,0.405644,0.616487,0.375727,0.580399,0.549504,0.00214136,1.00364,1.67587,1.46089,0.000612579,3.80779e-05,1.43229e-05
320,0.00366179,0.965719,-0.259564,-0.551696,-0.254574,-0.272152,1.102,0.0833215,-0.283523,1.058,-1,1,-0.0448121,-0.0546912,1.4726,-0.0850681,0.542749,1.519,0.364918,0.58193,0.553975,0.537429,0.487669,0.692166,0.364918,0.58193,0.553975,0.00250173,1.033,1.02415,1.92078,0.000688837,2.66433e-05,1.83322e-05
323,0.00366179,0.965719,-0.259564,-0.551696,-0.254574,-0.272152,1.102,0.0833215,-0.283523,1.058,-1,1,-0.0462285,-0.0547117,1.47168,-0.0850681,0.542749,1.519,0.364133,0.583433,0.557439,0.487073,0.542144,0.752466,0.364133,0.583433,0.557439,0.00263363,1.00148,1.04872,1.56395,0.000753137,3.17145e-05,2.61155e-05
326,0.00366179,0.965719,-0.259564,-0.551696,-0.254574,-0.272152,1.102,0.0833215,-0.283523,1.058,-1,1,-0.0468872,-0.0529445,1.46953,-0.0850681,0.542749,1.519,0.364069,0.584263,0.558614,0.441747,0.61565,0.825482,0.364069,0.584263,0.558614,0.0018925,1.01947,1.01963,1.05964,0.000804266,4.39915e-05,2.63442e-05
328,0.00366179,0.965719,-0.259564,-0.551696,-0.254574,-0.272152,1.102,0.0833215,-0.283523,1.058,-1,1,-0.0444245,-0.053784,1.47065,-0.0850681,0.542749,1.519,0.363752,0.584465,0.559758,0.433844,0.622407,0.833694,0.363752,0.584465,0.559758,0.00120003,1.06957,1.00093,1.02256,0.000836261,3.9722e-05,2.30067e-05
330,0.00366179,0.965719,-0.259564,-0.551696,-0.254574,-0.272152,1.102,0.0833215,-0.283523,1.058,-1,1,-0.0433629,-0.0589602,1.4713,-0.0850681,0.542749,1.519,0.361665,0.586373,0.562358,0.307167,0.695067,0.921485,0.361665,0.586373,0.562358,0.00100765,1.09143,1.04354,1.03898,0.000778729,3.52219e-05,2.49258e-05
333,0.00366179,0.965719,-0.259564,-0.551696,-0.254574,-0.272152,1.102,0.0833215,-0.283523,1.058,-1,1,-0.0400073,-0.0622989,1.47057,-0.0606194,0.530191,1.506,0.38316,0.58749,0.564849,0.22017,0.642167,0.819345,0.38316,0.58749,0.564849,0.00138524,1.02103,1.09517,1.07338,0.000761454,2.84004e-05,2.66021e-05
335,0.00366179,0.965719,-0.259564,-0.551696,-0.254574,-0.272152,1.102,0.0833215,-0.283523,1.058,-1,1,-0.0402215,-0.0652832,1.47105,-0.0606194,0.530191,1.506,0.379556,0.588482,0.567521,0.156322,0.619449,0.755074,0.379556,0.588482,0.567521,0.00192956,1.00386,1.03229,1.12293,0.000794055,2.8963e-05,2.0919e-05
338,0.00366179,0.965719,-0.259564,-0.551696,-0.254574,-0.272152,1.102,0.0833215,-0.283523,1.058,-1,1,-0.035157,-0.0679406,1.46885,-0.0606194,0.530191,1.506,0.374436,0.589237,0.571537,0.17891,0.556809,0.701522,0.374436,0.589237,0.571537,0.0026968,1.0026,1.01533,1.0551,0.000629092,3.33999e-05,2.04379e-05
341,0.00366179,0.965719,-0.259564,-0.551696,-0.254574,-0.272152,1.102,0.0833215,-0.283523,1.058,-1,1,-0.040218,-0.0685394,1.47311,-0.0606194,0.530191,1.506,0.369566,0.590266,0.573715,0.149822,0.547388,0.665972,0.259694,0.568827,0.619844,0.00311771,1.02347,1.004,1.02518,0.0007666,2.75414e-05,2.34947e-05
343,0.00366179,0.965719,-0.259564,-0.551696,-0.254574,-0.272152,1.102,0.0833215,-0.283523,1.058,-1,1,-0.0357605,-0.0698073,1.47271,-0.0550909,0.527727,1.499,0.370894,0.590332,0.575863,0.162284,0.52958,0.650783,0.266589,0.559956,0.613323,0.00319408,1.01409,1.0078,1.01153,0.000711168,3.5855e-05,2.10758e-05
346,0.00366179,0.965719,-0.259564,-0.551696,-0.254574,-0.272152,1.102,0.0833215,-0.283523,1.058,-1,1,-0.0348101,-0.0693652,1.47109,-0.0550909,0.527727,1.499,0.368524,0.590432,0.577402,0.152341,0.524303,0.633413,0.368524,0.590432,0.577402,0.00250984,1.00031,1.00212,1.00684,0.000608105,2.97855e-05,2.63024e-05
348,0.00366179,0.965719,-0.259564,-0.551696,-0.254574,-0.272152,1.102,0.0833215,-0.283523,1.058,-1,1,-0.0364769,-0.0696155,1.47295,-0.0550909,0.527727,1.499,0.367092,0.589918,0.577874,0.201759,0.487778,0.625262,0.367092,0.589918,0.577874,0.00187618,1.00898,1.00609,1.00383,0.000706399,2.92335e-05,1.8338e-05
351,0.00366179,0.965719,-0.259564,-0.551696,-0.254574,-0.272152,1.102,0.0833215,-0.283523,1.058,-1,1,-0.0375689,-0.0701868,1.47104,-0.0550909,0.527727,1.499,0.366412,0.590053,0.577303,0.170052,0.484331,0.575439,0.366412,0.590053,0.577303,0.00125222,1.27078,1.03641,1.00554,0.000701711,3.64878e-05,2.06443e-05
353,0.00366179,0.965719,-0.259564,-0.551696,-0.254574,-0.272152,1.102,0.0833215,-0.283523,1.058,-1,1,-0.0352904,-0.0704465,1.46937,-0.0550909,0.527727,1.499,0.365681,0.590613,0.579328,0.193798,0.513569,0.65765,0.365681,0.590613,0.579328,0.00109781,2.0481,1.02309,1.00269,0.000648985,3.3271e-05,2.41236e-05
356,0.00366179,0.965719,-0.259564,-0.551696,-0.254574,-0.272152,1.102,0.0833215,-0.283523,1.058,-1,1,-0.0383757,-0.0692661,1.47075,-0.0577143,0.525101,1.499,0.370025,0.591573,0.579635,0.230936,0.827988,0.866438,0.370025,0.591573,0.579635,0.000916646,1.55267,1.59454,1.07757,0.000752221,3.72233e-05,2.20158e-05
359,0.00366179,0.965719,-0.259564,-0.551696,-0.254574,-0.272152,1.102,0.0833215,-0.283523,1.058,-1,1,-0.0392355,-0.069127,1.4699,-0.0577143,0.525101,1.499,0.370135,0.592671,0.579564,0.439475,0.884261,0.799431,0.370135,0.592671,0.579564,0.00095859,1.01926,1.74938,1.48367,0.000846792,3.19881e-05,2.29273e-05
361,0.00366179,0.965719,-0.259564,-0.551696,-0.254574,-0.272152,1.102,0.0833215,-0.283523,1.058,-1,1,-0.0390448,-0.0670303,1.46845,-0.0577143,0.525101,1.499,0.370945,0.594043,0.580356,0.583454,0.747012,0.566731,0.370945,0.594043,0.580356,0.000913463,1.09842,1.26939,2.44497,0.000869191,2.42169e-05,1.68151e-05
363,0.00366179,0.965719,-0.259564,-0.551696,-0.254574,-0.272152,1.102,0.0833215,-0.283523,1.058,-1,1,-0.0403323,-0.0633021,1.46662,-0.0577143,0.525101,1.499,0.373176,0.594709,0.58036,0.687558,0.657879,0.534218,0.373176,0.594709,0.58036,0.00126816,1.02607,1.08529,1.23641,0.000813208,2.76665e-05,2.03598e-05
366,0.00366179,0.965719,-0.259564,-0.551696,-0.254574,-0.272152,1.102,0.0833215,-0.283523,1.058,-1,1,-0.0392472,-0.0604707,1.46583,-0.0577143,0.525101,1.499,0.376465,0.594792,0.579409,0.777426,0.569699,0.493168,0.376465,0.594792,0.579409,0.00171544,1.00594,1.06036,1.11062,0.000863475,3.52086e-05,2.59474e-05
368,0.00366179,0.965719,-0.259564,-0.551696,-0.254574,-0.272152,1.102,0.0833215,-0.283523,1.058,-1,1,-0.0375505,-0.0605087,1.46156,-0.0527125,0.490625,1.506,0.438085,0.595902,0.580964,0.784602,0.547273,0.514014,0.438085,0.595902,0.580964,0.00217723,1.05066,1.0103,1.07154,0.000752252,2.92312e-05,2.51748e-05
371,0.00366179,0.965719,-0.259564,-0.551696,-0.254574,-0.272152,1.102,0.0833215,-0.283523,1.058,-1,1,-0.0398069,-0.0590704,1.46231,-0.0527125,0.490625,1.506,0.441469,0.596537,0.581609,0.779828,0.540584,0.527015,0.441469,0.596537,0.581609,0.00244228,1.00485,1.02592,1.03195,0.000745168,3.38167e-05,2.92963e-05
373,0.00366179,0.965719,-0.259564,-0.551696,-0.254574,-0.272152,1.102,0.0833215,-0.283523,1.058,-1,1,-0.0438203,-0.0593394,1.4656,-0.0527125,0.490625,1.506,0.444173,0.596895,0.580702,0.771063,0.550444,0.530156,0.444173,0.596895,0.580702,0.00232177,1.03898,1.00221,1.00798,0.00088708,3.26495e-05,2.43493e-05
375,0.00366179,0.965719,-0.259564,-0.551696,-0.254574,-0.272152,1.102,0.0833215,-0.283523,1.058,-1,1,-0.0443512,-0.0615489,1.46788,-0.0527125,0.490625,1.506,0.444865,0.596919,0.579582,0.798666,0.534435,0.449393,0.444865,0.596919,0.579582,0.00177792,1.08104,1.09909,1.00854,0.000925995,3.29403e-05,1.85599e-05
378,0.00366179,0.965719,-0.259564,-0.551696,-0.254574,-0.272152,1.102,0.0833215,-0.283523,1.058,-1,1,-0.0395782,-0.0713369,1.46944,-0.0527125,0.490625,1.506,0.44109,0.597776,0.580305,0.463641,0.610415,0.382046,0.44109,0.597776,0.580305,0.00170066,1.4286,2.29942,1.27037,0.00093943,5.25917e-05,1.11818e-05
380,0.00366179,0.965719,-0.259564,-0.551696,-0.254574,-0.272152,1.102,0.0833215,-0.283523,1.058,-1,1,-0.0377361,-0.0829898,1.47872,-0.0393506,0.475217,1.499,0.462124,0.596507,0.578613,0.214158,0.489074,0.452535,0.462124,0.596507,0.578613,0.00295342,1.01141,1.63253,6.76009,0.000993892,3.46481e-05,1.61402e-05
382,0.00366179,0.965719,-0.259564,-0.551696,-0.254574,-0.272152,1.102,0.0833215,-0.283523,1.058,-1,1,-0.0375278,-0.0902662,1.48264,-0.0393506,0.475217,1.499,0.45124,0.595143,0.577461,0.195802,0.475569,0.471887,0.323521,0.535356,0.524674,0.00513618,1.00124,1.01241,1.79513,0.000937007,3.58561e-05,8.62033e-06
385,0.00366179,0.965719,-0.259564,-0.551696,-0.254574,-0.272152,1.102,0.0833215,-0.283523,1.058,-1,1,-0.0249549,-0.0989386,1.47985,-0.0393506,0.475217,1.499,0.437302,0.5938,0.581082,0.183589,0.462301,0.498729,0.310446,0.528051,0.539905,0.00744739,1.02265,1.00951,1.07873,0.00100776,4.22412e-05,1.11744e-05
387,0.00366179,0.965719,-0.259564,-0.551696,-0.254574,-0.272152,1.102,0.0833215,-0.283523,1.058,-1,1,-0.0215603,-0.104096,1.48212,-0.0393506,0.475217,1.499,0.422412,0.591855,0.58521,0.173365,0.461703,0.53333,0.297888,0.526779,0.55927,0.00891658,1.00035,1.02993,1.02235,0.00101152,3.68564e-05,8.4857e-06
389,0.00366179,0.965719,-0.259564,-0.551696,-0.254574,-0.272152,1.102,0.0833215,-0.283523,1.058,-1,1,-0.0171351,-0.107173,1.47777,-0.0393506,0.475217,1.499,0.409904,0.590425,0.589923,0.178167,0.462519,0.56603,0.294036,0.526472,0.577976,0.00930269,1.00159,1.01073,1.03185,0.00101715,3.08158e-05,1.07073e-05
392,0.00366179,0.965719,-0.259564,-0.551696,-0.254574,-0.272152,1.102,0.0833215,-0.283523,1.058,-1,1,-0.0159359,-0.106522,1.47505,-0.0393506,0.475217,1.499,0.401578,0.590803,0.59662,0.18567,0.471556,0.598681,0.293624,0.53118,0.59765,0.00838035,1.01613,1.01046,1.02966,0.00116195,4.05766e-05,9.08115e-06
394,0.00366179,0.965719,-0.259564,-0.551696,-0.254574,-0.272152,1.102,0.0833215,-0.283523,1.058,-1,1,-0.0126453,-0.103719,1.47213,-0.0393506,0.475217,1.499,0.396583,0.591144,0.604337,0.230053,0.487379,0.659277,0.313318,0.539261,0.631807,0.00703726,1.02026,1.04566,1.04309,0.0011366,9.72277e-05,2.22501e-05
396,0.00366179,0.965719,-0.259564,-0.551696,-0.254574,-0.272152,1.102,0.0833215,-0.283523,1.058,-1,1,-0.0119203,-0.105412,1.46733,-0.0393506,0.475217,1.499,0.394044,0.593307,0.61068,0.296247,0.525255,0.738137,0.345145,0.559281,0.674409,0.00544393,1.01524,1.06198,1.069,0.0012377,4.22114e-05,1.16488e-05
399,0.00366179,0.965719,-0.259564,-0.551696,-0.254574,-0.272152,1.102,0.0833215,-0.283523,1.058,-1,1,-0.00382364,-0.110792,1.46123,-0.0393506,0.475217,1.499,0.391194,0.597036,0.620302,0.364484,0.56387,0.800444,0.377839,0.580453,0.710373,0.00517203,1.00245,1.04518,1.10991,0.00102778,4.12953e-05,3.00392e-05
401,0.00366179,0.965719,-0.259564,-0.551696,-0.254574,-0.272152,1.102,0.0833215,-0.283523,1.058,-1,1,-0.00446306,-0.11546,1.45868,-0.0393506,0.475217,1.499,0.387855,0.601346,0.629111,0.379163,0.61697,0.857524,0.383509,0.609158,0.743318,0.00478511,1.00303,1.0178,1.08872,0.00101234,4.12774e-05,1.09861e-05
404,0.00366179,0.965719,-0.259564,-0.551696,-0.254574,-0.272152,1.102,0.0833215,-0.283523,1.058,-1,1,0.00444349,-0.121291,1.45619,-0.0393506,0.475217,1.499,0.382165,0.604797,0.639358,0.357011,0.611935,0.853353,0.369588,0.608366,0.746356,0.00560181,1.00835,1.00279,1.02537,0.00102088,4.50689e-05,1.28132e-05
406,0.00366179,0.965719,-0.259564,-0.551696,-0.254574,-0.272152,1.102,0.0833215,-0.283523,1.058,-1,1,0.0136514,-0.125835,1.45422,-0.0393506,0.475217,1.499,0.373899,0.607535,0.650708,0.309153,0.58883,0.821623,0.341526,0.598182,0.736165,0.00630449,1.00373,1.0153,1.00345,0.000990826,4.88895e-05,1.38301e-05
408,0.00366179,0.965719,-0.259564,-0.551696,-0.254574,-0.272152,1.102,0.0833215,-0.283523,1.058,-1,1,0.0215184,-0.128065,1.45678,-0.0393506,0.475217,1.499,0.365445,0.606417,0.659927,0.286674,0.53071,0.7552,0.32606,0.568564,0.707563,0.00746273,1.00753,1.01888,1.02023,0.000938098,3.9124e-05,1.83064e-05
411,0.00366179,0.965719,-0.259564,-0.551696,-0.254574,-0.272152,1.102,0.0833215,-0.283523,1.058,-1,1,0.0362989,-0.137518,1.45886,-0.0393506,0.475217,1.499,0.35566,0.601661,0.66704,0.275643,0.470845,0.686878,0.315651,0.536253,0.676959,0.00858404,1.00533,1.02159,1.03655,0.00113337,3.52641e-05,1.533e-05
413,0.00366179,0.965719,-0.259564,-0.551696,-0.254574,-0.272152,1.102,0.0833215,-0.283523,1.058,-1,1,0.0482509,-0.142958,1.45891,-0.0393506,0.475217,1.499,0.345263,0.593045,0.673639,0.291466,0.40836,0.623297,0.318365,0.500703,0.648468,0.00996448,1.00176,1.01625,1.03904,0.000913527,1.72977e-05,7.33959e-06
415,0.00366179,0.965719,-0.259564,-0.551696,-0.254574,-0.272152,1.102,0.0833215,-0.283523,1.058,-1,1,0.0508374,-0.146479,1.45853,-0.0393506,0.475217,1.499,0.335777,0.584564,0.678339,0.297512,0.374243,0.586647,0.316645,0.479404,0.632493,0.0107043,1.00024,1.00478,1.02598,0.000952898,2.12771e-05,8.05474e-06
417,0.00366179,0.965719,-0.259564,-0.551696,-0.254574,-0.272152,1.102,0.0833215,-0.283523,1.058,-1,1,0.0544036,-0.147487,1.46345,-0.0393506,0.475217,1.499,0.327696,0.574739,0.679472,0.305483,0.344688,0.554744,0.31659,0.459713,0.617108,0.010624,1.00294,1.00248,1.01499,0.00108542,4.64514e-05,2.67969e-05
420,0.00366179,0.965719,-0.259564,-0.551696,-0.254574,-0.272152,1.102,0.0833215,-0.283523,1.058,-1,1,0.0576665,-0.148702,1.46354,-0.0393506,0.475217,1.499,0.320034,0.56638,0.680838,0.300845,0.328346,0.532436,0.31044,0.447363,0.606637,0.00947156,1.00028,1.00309,1.00609,0.00111905,4.85792e-05,3.4139e-05
422,0.00366179,0.965719,-0.259564,-0.551696,-0.254574,-0.272152,1.102,0.0833215,-0.283523,1.058,-1,1,0.0549538,-0.142118,1.46365,-0.0393506,0.475217,1.499,0.317915,0.561033,0.680221,0.316451,0.302105,0.506566,0.317183,0.431569,0.593393,0.0072689,1.00881,1.00106,1.00489,0.000949875,6.16985e-05,3.36249e-05
425,0.00366179,0.965719,-0.259564,-0.551696,-0.254574,-0.272152,1.102,0.0833215,-0.283523,1.058,-1,1,0.0537373,-0.14017,1.46308,-0.0393506,0.475217,1.499,0.31858,0.558278,0.678538,0.349091,0.271171,0.483198,0.333836,0.414725,0.580868,0.00462685,1.05504,1.01756,1.00461,0.000993938,4.52121e-05,1.98383e-05
427,0.00366179,0.965719,-0.259564,-0.551696,-0.254574,-0.272152,1.102,0.0833215,-0.283523,1.058,-1,1,0.0528035,-0.140197,1.46331,-0.0393506,0.475217,1.499,0.320467,0.55585,0.676113,0.513608,0.123245,0.360374,0.320467,0.55585,0.676113,0.00235782,1.0547,1.12861,1.03808,0.00101155,4.91957e-05,2.22633e-05
429,0.00366179,0.965719,-0.259564,-0.551696,-0.254574,-0.272152,1.102,0.0833215,-0.283523,1.058,-1,1,0.0548368,-0.148206,1.46416,-0.0393506,0.475217,1.499,0.320243,0.555622,0.675962,0.669248,0.104352,0.228753,0.320243,0.555622,0.675962,0.00111058,1.12959,1.11617,1.07811,0.00109873,6.33639e-05,2.41542e-05
431,0.00366179,0.965719,-0.259564,-0.551696,-0.254574,-0.272152,1.102,0.0833215,-0.283523,1.058,-1,1,0.0452511,-0.137156,1.47717,-0.0393506,0.475217,1.499,0.324533,0.553604,0.669343,0.748401,0.351399,0.155284,0.324533,0.553604,0.669343,0.00206528,1.05819,1.17432,1.52732,0.00102602,6.89141e-05,6.5018e-06
433,0.00366179,0.965719,-0.259564,-0.551696,-0.254574,-0.272152,1.102,0.0833215,-0.283523,1.058,-1,1,0.0517158,-0.160143,1.4738,-0.0393506,0.475217,1.499,0.319376,0.553301,0.667832,0.460142,0.425809,0.235417,0.319376,0.553301,0.667832,0.00291879,1.46232,1.16285,1.49516,0.000852738,7.89525e-05,1.94447e-05
436,0.00366179,0.965719,-0.259564,-0.551696,-0.254574,-0.272152,1.102,0.0833215,-0.283523,1.058,-1,1,0.0417088,-0.163817,1.47955,-0.0393506,0.475217,1.499,0.313032,0.55373,0.664372,0.361597,0.468727,0.317656,0.337315,0.511229,0.491014,0.00492768,1.00799,1.26328,1.24974,0.000883122,8.31772e-05,3.00752e-05
438,0.00366179,0.965719,-0.259564,-0.551696,-0.254574,-0.272152,1.102,0.0833215,-0.283523,1.058,-1,1,0.0406155,-0.163962,1.48093,-0.0393506,0.475217,1.499,0.306695,0.553727,0.660346,0.248478,0.495846,0.40276,0.277586,0.524787,0.531553,0.00561039,1.0001,1.04354,1.26251,0.000886609,8.1144e-05,2.44152e-05
440,0.00366179,0.965719,-0.259564,-0.551696,-0.254574,-0.272152,1.102,0.0833215,-0.283523,1.058,-1,1,0.0405903,-0.164215,1.48131,-0.0393506,0.475217,1.499,0.302723,0.553494,0.655416,0.285798,0.495977,0.375959,0.294261,0.524736,0.515688,0.00604483,1.00628,1.0058,1.0277,0.000878053,8.31066e-05,2.25831e-05
442,0.00366179,0.965719,-0.259564,-0.551696,-0.254574,-0.272152,1.102,0.0833215,-0.283523,1.058,-1,1,0.0422591,-0.164798,1.48151,-0.0393506,0.475217,1.499,0.29483,0.555298,0.656671,0.233637,0.510369,0.416022,0.264234,0.532834,0.536346,0.0058391,1.07692,1.00331,1.01877,0.00087472,8.34754e-05,3.20967e-05
444,0.00366179,0.965719,-0.259564,-0.551696,-0.254574,-0.272152,1.102,0.0833215,-0.283523,1.058,-1,1,0.0423921,-0.164606,1.48127,-0.0393506,0.475217,1.499,0.29395,0.555626,0.654073,0.252613,0.521577,0.410265,0.273281,0.538602,0.532169,0.00455679,1.12478,1.0151,1.00169,0.000857697,8.69336e-05,2.76211e-05
447,0.00366179,0.965719,-0.259564,-0.551696,-0.254574,-0.272152,1.102,0.0833215,-0.283523,1.058,-1,1,0.0495021,-0.162142,1.47573,-0.0393506,0.475217,1.499,0.294114,0.554816,0.655572,0.125339,0.532802,0.501791,0.209726,0.543809,0.578681,0.00331587,4.45491,1.00745,1.02454,0.000800175,2.94811e-05,1.44014e-05
449,0.00366179,0.965719,-0.259564,-0.551696,-0.254574,-0.272152,1.102,0.0833215,-0.283523,1.058,-1,1,0.0575103,-0.156207,1.47244,-0.0393506,0.475217,1.499,0.295636,0.552734,0.658424,0.551561,0.368182,0.586883,0.295636,0.552734,0.658424,0.00280219,1.00418,2.53583,1.37938,0.000935821,0.000105021,2.07662e-05
451,0.00366179,0.965719,-0.259564,-0.551696,-0.254574,-0.272152,1.102,0.0833215,-0.283523,1.058,-1,1,0.0571114,-0.14435,1.46598,-0.0393506,0.475217,1.499,0.30059,0.551601,0.662383,0.626109,0.437621,0.619782,0.46335,0.494611,0.641082,0.00395456,1.02049,1.2026,5.01378,0.000791222,4.51428e-05,2.25758e-05
453,0.00366179,0.965719,-0.259564,-0.551696,-0.254574,-0.272152,1.102,0.0833215,-0.283523,1.058,-1,1,0.0642478,-0.129029,1.45641,-0.0393506,0.475217,1.499,0.309865,0.55035,0.668051,0.68031,0.455332,0.602724,0.495088,0.502841,0.635387,0.0066263,1.00177,1.02909,1.76594,0.00105897,6.03969e-05,1.4256e-05
455,0.00366179,0.965719,-0.259564,-0.551696,-0.254574,-0.272152,1.102,0.0833215,-0.283523,1.058,-1,1,0.0678845,-0.126398,1.45298,-0.0393506,0.475217,1.499,0.319679,0.548543,0.674247,0.702049,0.465066,0.592361,0.510864,0.506805,0.633304,0.00886049,1.00015,1.00811,1.02103,0.0010754,5.41608e-05,2.14203e-05
457,0.00366179,0.965719,-0.259564,-0.551696,-0.254574,-0.272152,1.102,0.0833215,-0.283523,1.058,-1,1,0.0636655,-0.123023,1.45474,-0.0393506,0.475217,1.499,0.330482,0.546955,0.677052,0.725189,0.464325,0.573134,0.527835,0.50564,0.625093,0.00996426,1.00642,1.00166,1.0159,0.000928087,4.80555e-05,1.62939e-05
460,0.00366179,0.965719,-0.259564,-0.551696,-0.254574,-0.272152,1.102,0.0833215,-0.283523,1.058,-1,1,0.0604601,-0.127961,1.46185,-0.0393506,0.475217,1.499,0.338824,0.54613,0.677106,0.75674,0.46429,0.550138,0.547782,0.50521,0.613622,0.00872386,1.00742,1.01171,1.0108,0.00100903,6.30282e-05,1.44909e-05
462,0.00366179,0.965719,-0.259564,-0.551696,-0.254574,-0.272152,1.102,0.0833215,-0.283523,1.058,-1,1,0.0585225,-0.134787,1.46643,-0.0393506,0.475217,1.499,0.341732,0.544625,0.675675,0.811371,0.455913,0.507844,0.576551,0.500269,0.59176,0.00577242,1.01517,1.01792,1.01608,0.000985671,6.32348e-05,1.208e-05
464,0.00366179,0.965719,-0.259564,-0.551696,-0.254574,-0.272152,1.102,0.0833215,-0.283523,1.058,-1,1,0.0607417,-0.141898,1.47046,-0.0393506,0.475217,1.499,0.338198,0.543044,0.672392,0.929939,0.364827,0.336313,0.634069,0.453935,0.504352,0.00395709,1.93528,1.34382,1.04118,0.000978567,5.88234e-05,2.41177e-05
466,0.00366179,0.965719,-0.259564,-0.551696,-0.254574,-0.272152,1.102,0.0833215,-0.283523,1.058,-1,1,0.0660038,-0.154283,1.47495,-0.0393506,0.475217,1.499,0.330097,0.540402,0.668216,0.30143,0.395612,0.334857,0.315763,0.468007,0.501536,0.00430646,1.00486,3.60904,2.03134,0.000926846,5.4568e-05,3.16342e-05
469,0.00366179,0.965719,-0.259564,-0.551696,-0.254574,-0.272152,1.102,0.0833215,-0.283523,1.058,-1,1,0.0603632,-0.160508,1.48286,-0.0393506,0.475217,1.499,0.319305,0.537143,0.662771,0.244946,0.431434,0.384252,0.282126,0.484289,0.523511,0.00679318,1.00011,1.03147,5.41404,0.000872394,0.000104269,4.02812e-05
471,0.00366179,0.965719,-0.259564,-0.551696,-0.254574,-0.272152,1.102,0.0833215,-0.283523,1.058,-1,1,0.0675245,-0.16369,1.48002,-0.0393506,0.475217,1.499,0.308539,0.53374,0.660569,0.205588,0.427941,0.409244,0.257064,0.480841,0.534906,0.00821539,1.01125,1.00544,1.40307,0.000911517,7.88865e-05,2.61479e-05
473,0.00366179,0.965719,-0.259564,-0.551696,-0.254574,-0.272152,1.102,0.0833215,-0.283523,1.058,-1,1,0.0755759,-0.162621,1.47693,-0.0393506,0.475217,1.499,0.299684,0.5292,0.660171,0.171499,0.41194,0.434035,0.235592,0.47057,0.547103,0.00813154,1.01638,1.02647,1.01983,0.00100754,8.10889e-05,3.01117e-05
475,0.00366179,0.965719,-0.259564,-0.551696,-0.254574,-0.272152,1.102,0.0833215,-0.283523,1.058,-1,1,0.0821472,-0.162899,1.47261,-0.0393506,0.475217,1.499,0.292614,0.525236,0.661946,0.149178,0.392861,0.485815,0.220896,0.459049,0.573881,0.00700397,1.0145,1.05759,1.05396,0.00111725,5.56209e-05,2.92094e-05
478,0.00366179,0.965719,-0.259564,-0.551696,-0.254574,-0.272152,1.102,0.0833215,-0.283523,1.058,-1,1,0.0652722,-0.147992,1.46743,-0.0393506,0.475217,1.499,0.294376,0.52698,0.664003,0.180849,0.395115,0.546458,0.237612,0.461047,0.605231,0.00494584,1.53837,1.07057,1.07822,0.000737913,4.50528e-05,1.65728e-05
480,0.00366179,0.965719,-0.259564,-0.551696,-0.254574,-0.272152,1.102,0.0833215,-0.283523,1.058,-1,1,0.0547695,-0.12322,1.45565,-0.0393506,0.475217,1.499,0.305137,0.532632,0.669647,0.641234,0.566095,0.697615,0.473186,0.549363,0.683631,0.00575968,1.00439,3.03841,1.78725,0.000686364,4.15018e-05,7.93904e-06
482,0.00366179,0.965719,-0.259564,-0.551696,-0.254574,-0.272152,1.102,0.0833215,-0.283523,1.058,-1,1,0.0332762,-0.102791,1.45613,-0.0393506,0.475217,1.499,0.324663,0.541699,0.670363,0.818221,0.6043,0.546927,0.571442,0.572999,0.608645,0.00867807,1.02294,1.39951,6.58162,0.000804485,5.75936e-05,1.17728e-05
485,0.00366179,0.965719,-0.259564,-0.551696,-0.254574,-0.272152,1.102,0.0833215,-0.283523,1.058,-1,1,0.027644,-0.101366,1.45828,-0.0393506,0.475217,1.499,0.345609,0.551802,0.667874,0.825402,0.597341,0.50239,0.585506,0.574571,0.585132,0.0133549,1.00376,1.03041,1.7668,0.000878871,6.89587e-05,1.19972e-05
487,0.00366179,0.965719,-0.259564,-0.551696,-0.254574,-0.272152,1.102,0.0833215,-0.283523,1.058,-1,1,0.0315199,-0.13159,1.47086,-0.0393506,0.475217,1.499,0.35785,0.560548,0.662572,0.797321,0.602569,0.456302,0.577585,0.581558,0.559437,0.0142251,1.02043,1.0329,1.11024,0.000977868,5.92528e-05,9.43042e-06
489,0.00366179,0.965719,-0.259564,-0.551696,-0.254574,-0.272152,1.102,0.0833215,-0.283523,1.058,-1,1,0.0404558,-0.146798,1.47777,-0.0393506,0.475217,1.499,0.359497,0.563198,0.657835,0.744779,0.609147,0.42087,0.552138,0.586173,0.539353,0.0110965,1.04684,1.0556,1.05825,0.00099977,2.7789e-05,7.61702e-06
491,0.00366179,0.965719,-0.259564,-0.551696,-0.254574,-0.272152,1.102,0.0833215,-0.283523,1.058,-1,1,0.047176,-0.148725,1.48657,-0.0393506,0.475217,1.499,0.352165,0.559086,0.650136,0.566546,0.560649,0.325617,0.459355,0.559868,0.487876,0.00848375,1.17085,1.3045,1.19439,0.000833555,4.63332e-05,2.16797e-05
494,0.00366179,0.965719,-0.259564,-0.551696,-0.254574,-0.272152,1.102,0.0833215,-0.283523,1.058,-1,1,0.0690628,-0.160369,1.48538,-0.0393506,0.475217,1.499,0.33301,0.548826,0.648552,0.239587,0.401444,0.382132,0.286299,0.475135,0.515342,0.00943568,1.07749,1.93714,2.10271,0.000981104,7.11937e-05,3.96366e-05
496,0.00366179,0.965719,-0.259564,-0.551696,-0.254574,-0.272152,1.102,0.0833215,-0.283523,1.058,-1,1,0.0826295,-0.16367,1.47891,-0.0393506,0.475217,1.499,0.311941,0.536341,0.650219,0.190691,0.365033,0.452426,0.251316,0.450687,0.551322,0.0133495,1.00648,1.1995,3.54193,0.00103146,6.37247e-05,2.73043e-05
498,0.00366179,0.965719,-0.259564,-0.551696,-0.254574,-0.272152,1.102,0.0833215,-0.283523,1.058,-1,1,0.0886549,-0.162122,1.47237,-0.0393506,0.475217,1.499,0.300322,0.525207,0.654252,0.211231,0.35256,0.5002,0.255777,0.438884,0.577226,0.0149499,1.02158,1.05852,1.70194,0.00106863,4.06189e-05,2.40966e-05
500,0.00366179,0.965719,-0.259564,-0.551696,-0.254574,-0.272152,1.102,0.0833215,-0.283523,1.058,-1,1,0.0849813,-0.156991,1.46696,-0.0393506,0.475217,1.499,0.295059,0.518421,0.659818,0.259788,0.348572,0.536873,0.277423,0.433496,0.598346,0.0131571,1.01664,1.05679,1.14763,0.000935997,4.10021e-05,1.85013e-05
503,0.00366179,0.965719,-0.259564,-0.551696,-0.254574,-0.272152,1.102,0.0833215,-0.283523,1.058,-1,1,0.0532501,-0.125646,1.46197,-0.0393506,0.475217,1.499,0.301134,0.521734,0.666242,0.391879,0.383365,0.612284,0.346507,0.45255,0.639263,0.00973392,1.28729,1.157,1.17572,0.000785584,2.83687e-05,2.23349e-05
505,0.00366179,0.965719,-0.259564,-0.551696,-0.254574,-0.272152,1.102,0.0833215,-0.283523,1.058,-1,1,0.0282009,-0.114413,1.46648,-0.0393506,0.475217,1.499,0.316559,0.532622,0.667253,0.731939,0.573361,0.633942,0.524249,0.552992,0.650598,0.00970293,1.11165,2.21217,1.63315,0.000790685,4.30375e-05,1.20418e-05
507,0.00366179,0.965719,-0.259564,-0.551696,-0.254574,-0.272152,1.102,0.0833215,-0.283523,1.058,-1,1,0.0201526,-0.124026,1.47566,-0.0393506,0.475217,1.499,0.33163,0.544486,0.662278,0.78593,0.640042,0.502303,0.55878,0.592264,0.58229,0.0115113,1.01761,1.58421,4.9154,0.00105943,4.65759e-05,2.03283e-05
509,0.00366179,0.965719,-0.259564,-0.551696,-0.254574,-0.272152,1.102,0.0833215,-0.283523,1.058,-1,1,0.0285628,-0.147073,1.48529,-0.0393506,0.475217,1.499,0.339182,0.55324,0.653943,0.717058,0.631453,0.432487,0.52812,0.592346,0.543215,0.0134453,1.02066,1.09978,2.81521,0.00117492,2.83226e-05,1.65806e-05
511,0.00366179,0.965719,-0.259564,-0.551696,-0.254574,-0.272152,1.102,0.0833215,-0.283523,1.058,-1,1,0.0531959,-0.156422,1.48791,-0.0393506,0.475217,1.499,0.34093,0.554398,0.6452,0.648642,0.601739,0.375914,0.494786,0.578069,0.510557,0.0116943,1.02212,1.0679,1.33229,0.00088495,8.53503e-05,3.22432e-05
514,0.00366179,0.965719,-0.259564,-0.551696,-0.254574,-0.272152,1.102,0.0833215,-0.283523,1.058,-1,1,0.0862293,-0.164605,1.47749,-0.0393506,0.475217,1.499,0.327694,0.546504,0.645731,0.445517,0.51594,0.31341,0.386606,0.531222,0.47957,0.0103133,1.72622,1.43295,1.31186,0.000954998,6.25539e-05,2.63302e-05
516,0.00366179,0.965719,-0.259564,-0.551696,-0.254574,-0.272152,1.102,0.0833215,-0.283523,1.058,-1,1,0.0968451,-0.165738,1.47285,-0.0393506,0.475217,1.499,0.309309,0.533738,0.651426,0.201542,0.354021,0.473971,0.255425,0.443879,0.562699,0.0118244,1.01169,2.52779,3.13516,0.000989306,4.33033e-05,2.60874e-05
518,0.00366179,0.965719,-0.259564,-0.551696,-0.254574,-0.272152,1.102,0.0833215,-0.283523,1.058,-1,1,0.0941053,-0.161389,1.46678,-0.0393506,0.475217,1.499,0.294789,0.521931,0.660011,0.246337,0.358475,0.541685,0.270563,0.440203,0.600848,0.0148418,1.00793,1.13355,4.40936,0.000926684,3.66554e-05,1.03947e-05
521,0.00366179,0.965719,-0.259564,-0.551696,-0.254574,-0.272152,1.102,0.0833215,-0.283523,1.058,-1,1,0.0601094,-0.136739,1.4632,-0.0393506,0.475217,1.499,0.295889,0.51949,0.667151,0.306979,0.367792,0.580943,0.301434,0.443641,0.624047,0.0139433,1.08814,1.05331,1.75265,0.000709305,2.7616e-05,1.16557e-05
523,0.00366179,0.965719,-0.259564,-0.551696,-0.254574,-0.272152,1.102,0.0833215,-0.283523,1.058,-1,1,0.0345487,-0.124265,1.46864,-0.0393506,0.475217,1.499,0.30596,0.526492,0.670356,0.459408,0.43266,0.65859,0.382684,0.479576,0.664473,0.0110046,1.34712,1.36056,1.24542,0.000765411,3.44418e-05,1.07412e-05
526,0.00366179,0.965719,-0.259564,-0.551696,-0.254574,-0.272152,1.102,0.0833215,-0.283523,1.058,-1,1,0.0317938,-0.139698,1.48213,-0.0393506,0.475217,1.499,0.316191,0.536066,0.665051,0.806016,0.636176,0.542242,0.561103,0.586121,0.603646,0.00945215,1.08566,3.26169,2.04714,0.0010577,9.43362e-05,3.14435e-05
528,0.00366179,0.965719,-0.259564,-0.551696,-0.254574,-0.272152,1.102,0.0833215,-0.283523,1.058,-1,1,0.0341137,-0.151528,1.49083,-0.0393506,0.475217,1.499,0.323656,0.544452,0.655437,0.700117,0.632878,0.424771,0.511886,0.588665,0.540104,0.0112463,1.00996,1.39281,7.7939,0.000958705,6.65677e-05,3.85834e-05
530,0.00366179,0.965719,-0.259564,-0.551696,-0.254574,-0.272152,1.102,0.0833215,-0.283523,1.058,-1,1,0.0757773,-0.166802,1.47622,-0.0393506,0.475217,1.499,0.322918,0.546542,0.652152,0.621321,0.612052,0.381792,0.472119,0.579297,0.516972,0.00987611,1.02417,1.07006,3.7587,0.000326246,3.69909e-05,2.55581e-05
533,0.00366179,0.965719,-0.259564,-0.551696,-0.254574,-0.272152,1.102,0.0833215,-0.283523,1.058,-1,1,0.0890565,-0.163865,1.4774,-0.0393506,0.475217,1.499,0.313636,0.538384,0.651048,0.457611,0.523827,0.317291,0.385624,0.531106,0.48417,0.0086822,1.52541,1.43694,1.47797,0.000989484,5.10933e-05,2.87338e-05
535,0.00366179,0.965719,-0.259564,-0.551696,-0.254574,-0.272152,1.102,0.0833215,-0.283523,1.058,-1,1,0.0967543,-0.161405,1.47649,-0.0393506,0.475217,1.499,0.299894,0.52488,0.653666,0.227626,0.33125,0.478377,0.26376,0.428065,0.566022,0.00908801,1.01161,2.66291,3.59754,0.00097269,4.54404e-05,2.07061e-05
537,0.00366179,0.965719,-0.259564,-0.551696,-0.254574,-0.272152,1.102,0.0833215,-0.283523,1.058,-1,1,0.0754004,-0.150576,1.47665,-0.0393506,0.475217,1.499,0.294539,0.516906,0.657354,0.284593,0.322984,0.516862,0.289566,0.419945,0.587108,0.0106854,1.01657,1.09632,4.67127,0.000719172,8.81144e-05,1.30439e-05
540,0.00366179,0.965719,-0.259564,-0.551696,-0.254574,-0.272152,1.102,0.0833215,-0.283523,1.058,-1,1,0.05089,-0.112773,1.46816,-0.0393506,0.475217,1.499,0.304634,0.515752,0.661387,0.416413,0.333287,0.561069,0.360523,0.424519,0.611228,0.0110719,1.29063,1.19197,2.4643,0.000886055,2.93476e-05,1.57145e-05
542,0.00366179,0.965719,-0.259564,-0.551696,-0.254574,-0.272152,1.102,0.0833215,-0.283523,1.058,-1,1,0.032891,-0.110813,1.47193,-0.0393506,0.475217,1.499,0.323535,0.522039,0.655861,0.825655,0.468067,0.513426,0.574595,0.495053,0.584644,0.0109242,1.16368,2.28155,2.15672,0.000895933,7.02485e-05,1.20572e-05
544,0.00366179,0.965719,-0.259564,-0.551696,-0.254574,-0.272152,1.102,0.0833215,-0.283523,1.058,-1,1,0.0297408,-0.126967,1.48256,-0.0393506,0.475217,1.499,0.337958,0.530869,0.648284,0.855809,0.565504,0.440776,0.596883,0.548187,0.54453,0.0125756,1.01879,1.60952,4.17112,0.000915347,9.68418e-05,2.47906e-05
546,0.00366179,0.965719,-0.259564,-0.551696,-0.254574,-0.272152,1.102,0.0833215,-0.283523,1.058,-1,1,0.0435856,-0.147717,1.49141,-0.0393506,0.475217,1.499,0.344913,0.53745,0.639721,0.736288,0.587069,0.390016,0.5406,0.562259,0.514869,0.0131732,1.01584,1.12905,3.05178,0.000875441,6.67439e-05,3.95315e-05
548,0.00366179,0.965719,-0.259564,-0.551696,-0.254574,-0.272152,1.102,0.0833215,-0.283523,1.058,-1,1,0.0685814,-0.160601,1.4853,-0.0393506,0.475217,1.499,0.342152,0.537606,0.63771,0.64673,0.595589,0.371565,0.494441,0.566598,0.504637,0.00945536,1.11198,1.06481,1.37335,0.000922844,7.31862e-05,3.91401e-05
551,0.00366179,0.965719,-0.259564,-0.551696,-0.254574,-0.272152,1.102,0.0833215,-0.283523,1.058,-1,1,0.0999628,-0.163537,1.47302,-0.0393506,0.475217,1.499,0.324299,0.530165,0.643701,0.212323,0.485891,0.427464,0.268311,0.508028,0.535583,0.00950375,1.13832,2.54988,1.67144,0.000967298,4.26026e-05,2.74721e-05
553,0.00366179,0.965719,-0.259564,-0.551696,-0.254574,-0.272152,1.102,0.0833215,-0.283523,1.058,-1,1,0.0847318,-0.153897,1.46771,-0.0393506,0.475217,1.499,0.308863,0.523265,0.651338,0.183996,0.405374,0.559646,0.24643,0.464319,0.605492,0.0102133,1.00364,1.98488,4.97265,0.000748798,3.60596e-05,1.33931e-05
555,0.00366179,0.965719,-0.259564,-0.551696,-0.254574,-0.272152,1.102,0.0833215,-0.283523,1.058,-1,1,0.0671645,-0.133374,1.46219,-0.0393506,0.475217,1.499,0.304877,0.520553,0.659931,0.244534,0.405032,0.598258,0.274705,0.462793,0.629095,0.0120932,1.05373,1.04794,4.75871,0.000708957,3.16968e-05,1.50061e-05
557,0.00366179,0.965719,-0.259564,-0.551696,-0.254574,-0.272152,1.102,0.0833215,-0.283523,1.058,-1,1,0.0393882,-0.12037,1.47159,-0.0393506,0.475217,1.499,0.312918,0.524523,0.663865,0.371593,0.445388,0.674474,0.342256,0.484956,0.669169,0.00964413,1.37239,1.23012,1.50497,0.000908154,3.35025e-05,2.20962e-05
560,0.00366179,0.965719,-0.259564,-0.551696,-0.254574,-0.272152,1.102,0.0833215,-0.283523,1.058,-1,1,0.0330371,-0.141913,1.48841,-0.0393506,0.475217,1.499,0.320393,0.530424,0.66002,0.745535,0.610426,0.634236,0.532964,0.570425,0.647128,0.00782679,1.17832,2.60265,1.68751,0.00115075,8.26119e-05,5.54042e-05
562,0.00366179,0.965719,-0.259564,-0.551696,-0.254574,-0.272152,1.102,0.0833215,-0.283523,1.058,-1,1,0.0439725,-0.154867,1.49325,-0.0393506,0.475217,1.499,0.325976,0.5371,0.650504,0.713119,0.623673,0.420263,0.519547,0.580386,0.535383,0.00896518,1.02128,1.99252,4.38094,0.000900635,8.39536e-05,3.71546e-05
564,0.00366179,0.965719,-0.259564,-0.551696,-0.254574,-0.272152,1.102,0.0833215,-0.283523,1.058,-1,1,0.0688415,-0.162845,1.48562,-0.0393506,0.475217,1.499,0.324149,0.536571,0.644704,0.596807,0.581155,0.350478,0.460478,0.558863,0.497591,0.00840004,1.05342,1.17887,9.39598,0.000885887,8.02222e-05,2.94056e-05
566,0.00366179,0.965719,-0.259564,-0.551696,-0.254574,-0.272152,1.102,0.0833215,-0.283523,1.058,-1,1,0.0827357,-0.158477,1.47298,-0.0393506,0.475217,1.499,0.315964,0.532308,0.644185,0.436996,0.515195,0.318536,0.37648,0.523752,0.48136,0.00781132,1.28018,1.35061,2.16489,0.00105826,5.81568e-05,3.83866e-05
569,0.00366179,0.965719,-0.259564,-0.551696,-0.254574,-0.272152,1.102,0.0833215,-0.283523,1.058,-1,1,0.0674241,-0.139813,1.46628,-0.0393506,0.475217,1.499,0.308851,0.529082,0.648994,0.161611,0.389763,0.475868,0.235231,0.459423,0.562431,0.00610233,1.05432,2.09718,2.39128,0.000774154,4.28289e-05,1.77464e-05
571,0.00366179,0.965719,-0.259564,-0.551696,-0.254574,-0.272152,1.102,0.0833215,-0.283523,1.058,-1,1,0.0500577,-0.117486,1.46536,-0.0393506,0.475217,1.499,0.315079,0.529317,0.654857,0.348993,0.402499,0.627186,0.332036,0.465908,0.641022,0.00690857,1.34992,1.83689,3.48297,0.000936143,3.41184e-05,1.84185e-05
573,0.00366179,0.965719,-0.259564,-0.551696,-0.254574,-0.272152,1.102,0.0833215,-0.283523,1.058,-1,1,0.0268009,-0.114129,1.47275,-0.0393506,0.475217,1.499,0.327984,0.535141,0.656951,0.678796,0.528392,0.648063,0.50339,0.531767,0.652507,0.008061,1.10211,2.2977,4.32852,0.000924769,6.08327e-05,1.53717e-05
575,0.00366179,0.965719,-0.259564,-0.551696,-0.254574,-0.272152,1.102,0.0833215,-0.283523,1.058,-1,1,0.031823,-0.137274,1.48145,-0.0393506,0.475217,1.499,0.337579,0.542346,0.65429,0.825297,0.597576,0.532847,0.581438,0.569961,0.593568,0.00877139,1.05384,1.59631,3.81845,0.00112503,0.000127486,1.92374e-05
578,0.00366179,0.965719,-0.259564,-0.551696,-0.254574,-0.272152,1.102,0.0833215,-0.283523,1.058,-1,1,0.0570731,-0.160075,1.48897,-0.0393506,0.475217,1.499,0.338453,0.543927,0.648022,0.758431,0.615958,0.437134,0.548442,0.579943,0.542578,0.00827975,1.10743,1.29004,3.06848,0.000831966,7.91472e-05,3.57435e-05
580,0.00366179,0.965719,-0.259564,-0.551696,-0.254574,-0.272152,1.102,0.0833215,-0.283523,1.058,-1,1,0.0828216,-0.164768,1.47628,-0.0393506,0.475217,1.499,0.330162,0.540127,0.648057,0.540369,0.578131,0.348854,0.435265,0.559129,0.498455,0.00709603,1.58937,1.6855,2.23392,0.000880522,4.12247e-05,2.64869e-05
582,0.00366179,0.965719,-0.259564,-0.551696,-0.254574,-0.272152,1.102,0.0833215,-0.283523,1.058,-1,1,0.0811898,-0.151377,1.47014,-0.0393506,0.475217,1.499,0.318487,0.534882,0.651272,0.163111,0.406143,0.459343,0.240799,0.470513,0.555307,0.0071682,1.01029,3.09425,4.69274,0.000888735,6.1574e-05,2.5243e-05
585,0.00366179,0.965719,-0.259564,-0.551696,-0.254574,-0.272152,1.102,0.0833215,-0.283523,1.058,-1,1,0.0644931,-0.116256,1.46428,-0.0393506,0.475217,1.499,0.315955,0.528598,0.655353,0.250105,0.366881,0.551693,0.28303,0.44774,0.603523,0.00772896,1.09245,1.31347,33.3031,0.00101174,3.27663e-05,1.4578e-05
587,0.00366179,0.965719,-0.259564,-0.551696,-0.254574,-0.272152,1.102,0.0833215,-0.283523,1.058,-1,1,0.0395533,-0.107333,1.46697,-0.0393506,0.475217,1.499,0.324412,0.527904,0.657063,0.420407,0.36119,0.591315,0.372409,0.444547,0.624189,0.00794026,1.2559,1.38056,4.31923,0.000915676,7.60774e-05,1.39684e-05
589,0.00366179,0.965719,-0.259564,-0.551696,-0.254574,-0.272152,1.102,0.0833215,-0.283523,1.058,-1,1,0.0326086,-0.137583,1.48409,-0.0393506,0.475217,1.499,0.332462,0.532789,0.655538,0.76332,0.467331,0.554201,0.547891,0.50006,0.60487,0.00709507,1.16094,2.29603,3.06358,0.000939258,7.80859e-05,2.61432e-05
592,0.00366179,0.965719,-0.259564,-0.551696,-0.254574,-0.272152,1.102,0.0833215,-0.283523,1.058,-1,1,0.0471416,-0.156515,1.4936,-0.0393506,0.475217,1.499,0.336966,0.535432,0.647448,0.820046,0.567427,0.41126,0.578506,0.55143,0.529354,0.00721652,1.07887,2.06691,5.74523,0.000875355,8.2015e-05,3.66343e-05
594,0.00366179,0.965719,-0.259564,-0.551696,-0.254574,-0.272152,1.102,0.0833215,-0.283523,1.058,-1,1,0.0790579,-0.164778,1.47989,-0.0393506,0.475217,1.499,0.333027,0.534559,0.645597,0.630032,0.578785,0.350649,0.481529,0.556672,0.498123,0.00605386,1.223,1.44815,7.90658,0.000799373,3.92426e-05,2.10968e-05
597,0.00366179,0.965719,-0.259564,-0.551696,-0.254574,-0.272152,1.102,0.0833215,-0.283523,1.058,-1,1,0.0811409,-0.152421,1.47504,-0.0393506,0.475217,1.499,0.321308,0.531248,0.646578,0.291713,0.47456,0.367743,0.306511,0.502904,0.507161,0.00656394,1.04281,2.09383,9.00463,0.000818447,7.25617e-05,2.53641e-05
599,0.00366179,0.965719,-0.259564,-0.551696,-0.254574,-0.272152,1.102,0.0833215,-0.283523,1.058,-1,1,0.0693355,-0.127498,1.4635,-0.0393506,0.475217,1.499,0.313805,0.527169,0.650849,0.148282,0.411415,0.527663,0.231043,0.469292,0.589256,0.00627213,1.0547,1.6934,8.5293,0.000837173,6.93635e-05,1.61315e-05
602,0.00366179,0.965719,-0.259564,-0.551696,-0.254574,-0.272152,1.102,0.0833215,-0.283523,1.058,-1,1,0.0280734,-0.110396,1.47431,-0.0393506,0.475217,1.499,0.322092,0.5284,0.651059,0.255088,0.393634,0.586831,0.28859,0.461017,0.618945,0.00710798,2.2265,1.44733,3.89066,0.000806361,4.05389e-05,9.93279e-06
605,0.00366179,0.965719,-0.259564,-0.551696,-0.254574,-0.272152,1.102,0.0833215,-0.283523,1.058,-1,1,0.0225625,-0.142801,1.50221,-0.0393506,0.475217,1.499,0.327538,0.53038,0.645748,0.900491,0.464206,0.465893,0.614014,0.497293,0.55582,0.0063209,1.16847,5.15245,1.83992,0.00120331,8.08004e-05,2.71911e-05
608,0.00366179,0.965719,-0.259564,-0.551696,-0.254574,-0.272152,1.102,0.0833215,-0.283523,1.058,-1,1,0.0501021,-0.159481,1.49437,-0.0393506,0.475217,1.499,0.330634,0.532416,0.639122,0.756881,0.554339,0.361615,0.543758,0.543378,0.500368,0.00609907,1.01493,2.28524,3.91551,0.00085407,8.82975e-05,3.22005e-05
611,0.00366179,0.965719,-0.259564,-0.551696,-0.254574,-0.272152,1.102,0.0833215,-0.283523,1.058,-1,1,0.0886799,-0.161126,1.4773,-0.0393506,0.475217,1.499,0.327641,0.530915,0.63958,0.606672,0.536364,0.307094,0.467157,0.533639,0.473337,0.00493177,1.62567,1.19741,3.49834,0.0010271,4.94487e-05,2.86436e-05
613,0.00366179,0.965719,-0.259564,-0.551696,-0.254574,-0.272152,1.102,0.0833215,-0.283523,1.058,-1,1,0.0765952,-0.141718,1.47101,-0.0393506,0.475217,1.499,0.323035,0.5285,0.638768,0.35334,0.449975,0.312426,0.338188,0.489238,0.475597,0.00414593,1.01368,1.77238,2.26631,0.000760765,3.26498e-05,1.51256e-05
615,0.00366179,0.965719,-0.259564,-0.551696,-0.254574,-0.272152,1.102,0.0833215,-0.283523,1.058,-1,1,0.0661033,-0.115641,1.46276,-0.0393506,0.475217,1.499,0.319566,0.523474,0.644436,0.292904,0.367093,0.570409,0.306235,0.445283,0.607422,0.00463152,1.16733,2.16993,6.13845,0.000813364,4.4555e-05,2.06684e-05
617,0.00366179,0.965719,-0.259564,-0.551696,-0.254574,-0.272152,1.102,0.0833215,-0.283523,1.058,-1,1,0.0366279,-0.113742,1.47638,-0.0393506,0.475217,1.499,0.327417,0.524565,0.650473,0.493134,0.415287,0.635279,0.410275,0.469926,0.642876,0.00660527,1.1906,1.34563,4.94729,0.000864822,3.89677e-05,7.82909e-06
620,0.00366179,0.965719,-0.259564,-0.551696,-0.254574,-0.272152,1.102,0.0833215,-0.283523,1.058,-1,1,0.0246264,-0.141505,1.49404,-0.0393506,0.475217,1.499,0.334213,0.528816,0.647832,0.693954,0.50037,0.620289,0.514084,0.514593,0.634061,0.00750759,1.31829,1.96757,3.14635,0.00119108,8.2416e-05,2.8782e-05
622,0.00366179,0.965719,-0.259564,-0.551696,-0.254574,-0.272152,1.102,0.0833215,-0.283523,1.058,-1,1,0.0443464,-0.154698,1.49725,-0.0393506,0.475217,1.499,0.338527,0.532767,0.638736,0.786824,0.598312,0.432972,0.562675,0.56554,0.535854,0.00810411,1.04847,2.66613,5.14904,0.000903469,0.000109673,2.82016e-05
625,0.00366179,0.965719,-0.259564,-0.551696,-0.254574,-0.272152,1.102,0.0833215,-0.283523,1.058,-1,1,0.0833796,-0.157521,1.47884,-0.0393506,0.475217,1.499,0.333384,0.530621,0.638104,0.585907,0.570179,0.340884,0.459646,0.5504,0.489494,0.00660773,1.42601,1.66134,7.28805,0.000962664,6.15177e-05,2.91024e-05
627,0.00366179,0.965719,-0.259564,-0.551696,-0.254574,-0.272152,1.102,0.0833215,-0.283523,1.058,-1,1,0.0824549,-0.143822,1.45673,-0.0393506,0.475217,1.499,0.323942,0.531368,0.644171,0.257877,0.541662,0.433022,0.290909,0.536515,0.538596,0.0067379,1.04624,2.29685,6.36514,0.00078564,7.19501e-05,2.19965e-05
630,0.00366179,0.965719,-0.259564,-0.551696,-0.254574,-0.272152,1.102,0.0833215,-0.283523,1.058,-1,1,0.0585122,-0.123734,1.45186,-0.0393506,0.475217,1.499,0.319642,0.534142,0.654738,0.189563,0.511011,0.687668,0.254602,0.522576,0.671203,0.00575846,1.0873,2.30311,4.90747,0.000892453,3.26626e-05,1.43565e-05
632,0.00366179,0.965719,-0.259564,-0.551696,-0.254574,-0.272152,1.102,0.0833215,-0.283523,1.058,-1,1,0.0320911,-0.117672,1.46183,-0.0393506,0.475217,1.499,0.326081,0.539027,0.663549,0.39988,0.585997,0.817356,0.36298,0.562512,0.740452,0.00721602,1.14927,1.40812,3.73001,0.000993244,5.2411e-05,1.95147e-05
634,0.00366179,0.965719,-0.259564,-0.551696,-0.254574,-0.272152,1.102,0.0833215,-0.283523,1.058,-1,1,0.0273826,-0.129932,1.48139,-0.0393506,0.475217,1.499,0.334255,0.544917,0.665682,0.626992,0.636751,0.73316,0.480624,0.590834,0.699421,0.00727044,1.08254,1.55406,2.54746,0.00113207,5.13279e-05,2.86304e-05
637,0.00366179,0.965719,-0.259564,-0.551696,-0.254574,-0.272152,1.102,0.0833215,-0.283523,1.058,-1,1,0.0448813,-0.150736,1.49396,-0.0393506,0.475217,1.499,0.338409,0.549022,0.658395,0.768586,0.657858,0.532344,0.553497,0.60344,0.59537,0.00777479,1.18883,1.66127,2.76576,0.000946955,0.000101296,3.6453e-05
639,0.00366179,0.965719,-0.259564,-0.551696,-0.254574,-0.272152,1.102,0.0833215,-0.283523,1.058,-1,1,0.0679163,-0.160588,1.48376,-0.0393506,0.475217,1.499,0.334219,0.546497,0.650437,0.607931,0.578449,0.345921,0.471075,0.562473,0.498179,0.00738887,1.12282,1.86455,3.54069,0.000897511,9.81111e-05,4.1306e-05
641,0.00366179,0.965719,-0.259564,-0.551696,-0.254574,-0.272152,1.102,0.0833215,-0.283523,1.058,-1,1,0.0802935,-0.155287,1.45765,-0.0393506,0.475217,1.499,0.323652,0.543012,0.652926,0.336221,0.472891,0.338292,0.329936,0.507951,0.495609,0.00771051,1.25306,2.03468,4.93247,0.00109364,6.51064e-05,4.24012e-05
644,0.00366179,0.965719,-0.259564,-0.551696,-0.254574,-0.272152,1.102,0.0833215,-0.283523,1.058,-1,1,0.0625587,-0.122845,1.44751,-0.0393506,0.475217,1.499,0.320524,0.540439,0.659495,0.176553,0.388075,0.508595,0.248539,0.464257,0.584045,0.00718693,1.13037,2.3095,8.31263,0.000922125,4.36222e-05,1.20227e-05
646,0.00366179,0.965719,-0.259564,-0.551696,-0.254574,-0.272152,1.102,0.0833215,-0.283523,1.058,-1,1,0.0323479,-0.110673,1.45794,-0.0393506,0.475217,1.499,0.3258,0.543919,0.665653,0.366055,0.463794,0.696552,0.345928,0.503857,0.681102,0.00690532,1.20757,2.04828,10.1066,0.000963195,5.35362e-05,1.26816e-05
649,0.00366179,0.965719,-0.259564,-0.551696,-0.254574,-0.272152,1.102,0.0833215,-0.283523,1.058,-1,1,0.0259236,-0.140033,1.48609,-0.0393506,0.475217,1.499,0.329844,0.549518,0.666656,0.617281,0.598467,0.727426,0.473562,0.573992,0.697041,0.00586352,1.18342,1.9761,5.57522,0.00123639,0.000108126,3.3329e-05
651,0.00366179,0.965719,-0.259564,-0.551696,-0.254574,-0.272152,1.102,0.0833215,-0.283523,1.058,-1,1,0.0512363,-0.158617,1.49298,-0.0393506,0.475217,1.499,0.33136,0.550654,0.66266,0.749284,0.680241,0.550226,0.540322,0.615447,0.606443,0.0048703,1.11781,2.0253,5.11677,0.000779208,9.48382e-05,2.81148e-05
654,0.00366179,0.965719,-0.259564,-0.551696,-0.254574,-0.272152,1.102,0.0833215,-0.283523,1.058,-1,1,0.0818526,-0.162689,1.47819,-0.0393506,0.475217,1.499,0.329308,0.545256,0.656283,0.587488,0.524862,0.291614,0.458398,0.535059,0.473948,0.00428017,1.21373,2.08305,3.87765,0.000996844,6.11177e-05,2.78776e-05
656,0.00366179,0.965719,-0.259564,-0.551696,-0.254574,-0.272152,1.102,0.0833215,-0.283523,1.058,-1,1,0.0788744,-0.145684,1.46783,-0.0393506,0.475217,1.499,0.32185,0.537985,0.652216,0.348695,0.319776,0.267589,0.335273,0.428881,0.459902,0.00504689,1.04932,1.87006,6.03712,0.0008829,4.30778e-05,3.96538e-05
658,0.00366179,0.965719,-0.259564,-0.551696,-0.254574,-0.272152,1.102,0.0833215,-0.283523,1.058,-1,1,0.0688266,-0.117765,1.45652,-0.0393506,0.475217,1.499,0.317972,0.530516,0.654389,0.305353,0.253562,0.403411,0.311663,0.392039,0.5289,0.0062488,1.13021,1.37214,4.23228,0.000871744,5.74012e-05,9.55691e-06
661,0.00366179,0.965719,-0.259564,-0.551696,-0.254574,-0.272152,1.102,0.0833215,-0.283523,1.058,-1,1,0.0321642,-0.112757,1.47731,-0.0393506,0.475217,1.499,0.325806,0.528845,0.65434,0.43655,0.240256,0.468592,0.381178,0.384551,0.561466,0.00674417,1.37607,1.48904,2.47821,0.00104189,0.000100162,2.76019e-05
663,0.00366179,0.965719,-0.259564,-0.551696,-0.254574,-0.272152,1.102,0.0833215,-0.283523,1.058,-1,1,0.0363541,-0.143601,1.49429,-0.0393506,0.475217,1.499,0.331157,0.530482,0.651698,0.72703,0.354678,0.487266,0.529094,0.44258,0.569482,0.0058464,1.15297,2.27223,2.03017,0.00109244,8.39956e-05,5.6884e-05
666,0.00366179,0.965719,-0.259564,-0.551696,-0.254574,-0.272152,1.102,0.0833215,-0.283523,1.058,-1,1,0.065846,-0.162072,1.48725,-0.0393506,0.475217,1.499,0.332236,0.531628,0.648017,0.88353,0.515822,0.387115,0.607883,0.523725,0.517566,0.00459394,1.09532,2.23953,2.47932,0.000815596,9.46104e-05,3.06763e-05
668,0.00366179,0.965719,-0.259564,-0.551696,-0.254574,-0.272152,1.102,0.0833215,-0.283523,1.058,-1,1,0.0839164,-0.158988,1.47613,-0.0393506,0.475217,1.499,0.328,0.529463,0.646806,0.569647,0.514288,0.286283,0.448823,0.521876,0.466544,0.00373715,1.44484,1.84325,2.09234,0.00112938,5.62519e-05,2.89714e-05
670,0.00366179,0.965719,-0.259564,-0.551696,-0.254574,-0.272152,1.102,0.0833215,-0.283523,1.058,-1,1,0.0792148,-0.144776,1.46664,-0.0393506,0.475217,1.499,0.319399,0.526823,0.646654,0.208687,0.432707,0.408434,0.264043,0.479765,0.527544,0.00436899,1.0042,2.02831,2.82354,0.00102125,4.39127e-05,3.01084e-05
672,0.00366179,0.965719,-0.259564,-0.551696,-0.254574,-0.272152,1.102,0.0833215,-0.283523,1.058,-1,1,0.0674934,-0.127912,1.43444,-0.0393506,0.475217,1.499,0.31265,0.531837,0.664575,0.198436,0.497239,0.680503,0.255543,0.514538,0.672539,0.00698108,1.25542,1.41499,3.48403,0.000917661,4.07703e-05,1.10431e-05
675,0.00366179,0.965719,-0.259564,-0.551696,-0.254574,-0.272152,1.102,0.0833215,-0.283523,1.058,-1,1,0.0420616,-0.122854,1.41119,-0.0393506,0.475217,1.499,0.317121,0.551225,0.691836,0.404792,0.63998,0.871398,0.360956,0.595603,0.781617,0.0116058,1.08158,1.42117,1.56936,0.000559872,5.13281e-05,9.76874e-06
677,0.00366179,0.965719,-0.259564,-0.551696,-0.254574,-0.272152,1.102,0.0833215,-0.283523,1.058,-1,1,-0.050939,-0.113922,1.45151,-0.0393506,0.475217,1.499,0.336465,0.584467,0.695312,0.586333,0.794447,0.731714,0.461399,0.689457,0.713513,0.0183139,1.22905,1.47668,1.5142,0.000285729,1.99351e-05,9.04631e-06
680,0.00366179,0.965719,-0.259564,-0.551696,-0.254574,-0.272152,1.102,0.0833215,-0.283523,1.058,-1,1,-0.067089,-0.165032,1.36969,-0.0393506,0.475217,1.499,0.336522,0.650509,0.725202,0.553262,0.833769,0.62829,0.444892,0.742139,0.676746,0.0267982,1.03275,1.2379,1.3151,0.00027234,2.24139e-05,3.0778e-06
683,0.00366179,0.965719,-0.259564,-0.551696,-0.254574,-0.272152,1.102,0.0833215,-0.283523,1.058,-1,1,-0.0962484,-0.189989,1.36834,-0.0393506,0.475217,1.499,0.321764,0.72234,0.749577,0.483987,0.834618,0.562127,0.402875,0.778479,0.655852,0.034818,1.00576,1.03843,1.19361,0.0004294,5.23033e-05,9.67466e-06
685,0.00366179,0.965719,-0.259564,-0.551696,-0.254574,-0.272152,1.102,0.0833215,-0.283523,1.058,-1,1,-0.0902968,-0.193663,1.36558,-0.0393506,0.475217,1.499,0.299242,0.780375,0.761939,0.403063,0.857664,0.559905,0.351152,0.819019,0.660922,0.0383519,1.00371,1.02299,1.06003,0.000255314,3.33991e-05,1.63696e-05
689,0.00366179,0.965719,-0.259564,-0.551696,-0.254574,-0.272152,1.102,0.0833215,-0.283523,1.058,-1,1,-0.102892,-0.192896,1.36674,-0.0393506,0.475217,1.499,0.275526,0.824802,0.763127,0.353767,0.816997,0.515942,0.314646,0.820899,0.639534,0.0371628,1.00195,1.01364,1.04261,0.000273285,3.35064e-05,2.68524e-05
691,0.00366179,0.965719,-0.259564,-0.551696,-0.254574,-0.272152,1.102,0.0833215,-0.283523,1.058,-1,1,-0.102091,-0.193837,1.36561,-0.0393506,0.475217,1.499,0.248998,0.861574,0.788224,0.29417,0.834756,0.53854,0.271584,0.848165,0.663382,0.0319525,1.05672,1.01096,1.02974,0.000240585,3.53946e-05,2.06835e-05
694,0.00366179,0.965719,-0.259564,-0.551696,-0.254574,-0.272152,1.102,0.0833215,-0.283523,1.058,-1,1,-0.103485,-0.192704,1.36828,-0.0393506,0.475217,1.499,0.241117,0.869342,0.784981,0.260426,0.815521,0.538857,0.250771,0.842432,0.661919,0.0227161,1.05998,1.02533,1.01681,0.000314081,3.24184e-05,2.25478e-05
697,0.00366179,0.965719,-0.259564,-0.551696,-0.254574,-0.272152,1.102,0.0833215,-0.283523,1.058,-1,1,-0.101158,-0.193401,1.36848,-0.0393506,0.475217,1.499,0.240157,0.870254,0.784391,0.20948,0.8317,0.603681,0.224818,0.850977,0.694036,0.0119806,1.00024,1.01406,1.021,0.000255459,2.9801e-05,2.26674e-05
700,0.00366179,0.965719,-0.259564,-0.551696,-0.254574,-0.272152,1.102,0.0833215,-0.283523,1.058,-1,1,-0.0987443,-0.192602,1.37364,-0.0393506,0.475217,1.499,0.240624,0.869406,0.780523,0.311951,0.645161,0.371027,0.276288,0.757283,0.575775,0.00422943,1.11701,1.06419,1.01588,0.000322456,3.23039e-05,1.46067e-05
702,0.00366179,0.965719,-0.259564,-0.551696,-0.254574,-0.272152,1.102,0.0833215,-0.283523,1.058,-1,1,-0.101363,-0.191803,1.3724,-0.0393506,0.475217,1.499,0.241212,0.867724,0.779051,0.505563,0.400001,0.113735,0.241212,0.867724,0.779051,0.00157772,1.1401,1.16716,1.04367,0.000345993,2.81533e-05,1.77847e-05
705,0.00366179,0.965719,-0.259564,-0.551696,-0.254574,-0.272152,1.102,0.0833215,-0.283523,1.058,-1,1,-0.101969,-0.19244,1.37047,-0.0248337,0.449855,1.419,0.288244,0.866409,0.777541,0.565399,0.270862,0.0607737,0.288244,0.866409,0.777541,0.00151593,1.00787,1.2133,1.16869,0.000324701,2.89606e-05,2.70707e-05
707,0.00366179,0.965719,-0.259564,-0.551696,-0.254574,-0.272152,1.102,0.0833215,-0.283523,1.058,-1,1,-0.100077,-0.19224,1.37236,-0.0248337,0.449855,1.419,0.288578,0.864884,0.776896,0.594201,0.0609037,0.268786,0.288578,0.864884,0.776896,0.00109058,1.06168,1.08797,1.31495,0.000311801,4.27457e-05,2.24459e-05
709,0.00366179,0.965719,-0.259564,-0.551696,-0.254574,-0.272152,1.102,0.0833215,-0.283523,1.058,-1,0,-0.0984868,-0.192629,1.37199,-0.0248337,0.449855,1.419,0.288961,0.863577,0.776262,0.596556,0.0269858,0.307885,0.288961,0.863577,0.776262,0.000991223,1.00117,1.03484,1.20353,0.000282433,3.3352e-05,1.84944e-05
712,0.00366179,0.965719,-0.259564,-0.551696,-0.254574,-0.272152,1.102,0.0833215,-0.283523,1.058,-1,0,-0.101622,-0.192332,1.37054,-0.0248337,0.449855,1.419,0.288877,0.864735,0.776652,0.625401,0.0312,0.352644,0.288877,0.864735,0.776652,0.00093675,7.64531,1.05702,1.08066,0.000313165,2.90698e-05,2.3896e-05
714,0.00366179,0.965719,-0.259564,-0.551696,-0.254574,-0.272152,1.102,0.0833215,-0.283523,1.058,-1,0,-0.101825,-0.1926,1.36932,-0.0248337,0.449855,1.419,0.288568,0.865623,0.777541,0.496067,0.861311,0.732595,0.288568,0.865623,0.777541,0.000795517,1.05815,5.33114,1.41156,0.000293573,2.90512e-05,2.23725e-05
716,0.00366179,0.965719,-0.259564,-0.551696,-0.254574,-0.272152,1.102,0.0833215,-0.283523,1.058,-1,0,-0.100649,-0.191655,1.37356,-0.040574,0.487283,1.449,0.237005,0.864613,0.776798,0.476802,0.895913,0.635818,0.237005,0.864613,0.776798,0.000727224,7.78128,1.55051,1.67683,0.000331202,4.24377e-05,2.19651e-05
718,0.00366179,0.965719,-0.259564,-0.551696,-0.254574,-0.272152,1.102,0.0833215,-0.283523,1.058,-1,0,-0.0982858,-0.192813,1.37041,-0.040574,0.487283,1.449,0.236844,0.864885,0.777724,0.445297,0.548424,0.871593,0.236844,0.864885,0.777724,0.000625626,1.85738,2.0485,1.4054,0.000272888,2.96355e-05,1.56484e-05
721,0.00366179,0.965719,-0.259564,-0.551696,-0.254574,-0.272152,1.102,0.0833215,-0.283523,1.058,-1,0,-0.100796,-0.191936,1.37158,-0.040574,0.487283,1.449,0.236955,0.865262,0.777389,0.766407,0.165889,0.399846,0.236955,0.865262,0.777389,0.000573987,2.13013,1.37634,1.84695,0.00030197,3.20971e-05,2.20513e-05
723,0.00366179,0.965719,-0.259564,-0.551696,-0.254574,-0.272152,1.102,0.0833215,-0.283523,1.058,-1,0,-0.101394,-0.192173,1.37033,-0.040574,0.487283,1.449,0.236994,0.865271,0.777476,0.494789,0.827938,0.767681,0.236994,0.865271,0.777476,0.000367051,1.19762,3.60445,1.0269,0.000309892,2.80215e-05,2.62239e-05
725,0.00366179,0.965719,-0.259564,-0.551696,-0.254574,-0.272152,1.102,0.0833215,-0.283523,1.058,-1,0,-0.100202,-0.192884,1.36734,-0.040574,0.487283,1.449,0.236902,0.865551,0.778355,0.52666,0.816164,0.733819,0.236902,0.865551,0.778355,0.000357912,1.01868,1.11565,1.19662,0.000224313,3.31783e-05,2.80102e-05
727,0.00366179,0.965719,-0.259564,-0.551696,-0.254574,-0.272152,1.102,0.0833215,-0.283523,1.058,-1,0,-0.0994473,-0.19218,1.37069,-0.0767062,0.501554,1.461,0.220029,0.866127,0.779441,0.435314,0.66408,0.95623,0.220029,0.866127,0.779441,0.00040528,1.01073,1.45031,1.26786,0.000255933,3.16877e-05,1.88051e-05
730,0.00366179,0.965719,-0.259564,-0.551696,-0.254574,-0.272152,1.102,0.0833215,-0.283523,1.058,-1,0,-0.100529,-0.191792,1.37245,-0.0767062,0.501554,1.461,0.22032,0.865865,0.778375,0.485312,0.748459,0.85483,0.22032,0.865865,0.778375,0.000595609,4.4863,1.36423,1.01273,0.000343618,3.07247e-05,1.98314e-05
732,0.00366179,0.965719,-0.259564,-0.551696,-0.254574,-0.272152,1.102,0.0833215,-0.283523,1.058,-1,0,-0.100397,-0.192082,1.37097,-0.0767062,0.501554,1.461,0.220269,0.865971,0.778634,0.527528,0.846475,0.665335,0.220269,0.865971,0.778634,0.000473652,1.58356,2.29654,1.00675,0.00030329,3.62346e-05,2.70704e-05
734,0.00366179,0.965719,-0.259564,-0.551696,-0.254574,-0.272152,1.102,0.0833215,-0.283523,1.058,-1,0,-0.100099,-0.191541,1.37344,-0.0767062,0.501554,1.461,0.220529,0.864972,0.777896,0.640641,0.196671,0.127296,0.220529,0.864972,0.777896,0.000491703,1.36534,2.18614,3.99024,0.00035733,2.9258e-05,1.33574e-05
737,0.00366179,0.965719,-0.259564,-0.551696,-0.254574,-0.272152,1.102,0.0833215,-0.283523,1.058,-1,0,-0.100004,-0.19193,1.37216,-0.0767062,0.501554,1.461,0.22091,0.863678,0.776439,0.601957,0.0853234,0.243335,0.22091,0.863678,0.776439,0.000606214,1.01478,1.10623,1.95378,0.000299751,4.00824e-05,2.47008e-05
740,0.00366179,0.965719,-0.259564,-0.551696,-0.254574,-0.272152,1.102,0.0833215,-0.283523,1.058,-1,0,-0.0998967,-0.191586,1.37306,-0.0076706,0.51179,1.461,0.20252,0.863108,0.775618,0.609082,0.130232,0.195361,0.20252,0.863108,0.775618,0.000722097,1.0058,1.04127,1.32145,0.000350353,2.99371e-05,1.5243e-05
742,0.00366179,0.965719,-0.259564,-0.551696,-0.254574,-0.272152,1.102,0.0833215,-0.283523,1.058,-1,0,-0.100078,-0.191732,1.37331,-0.0076706,0.51179,1.461,0.202571,0.862827,0.77544,0.602706,0.154223,0.172148,0.202571,0.862827,0.77544,0.000558142,1.04917,1.0034,1.004,0.000329281,3.55446e-05,2.02059e-05
744,0.00366179,0.965719,-0.259564,-0.551696,-0.254574,-0.272152,1.102,0.0833215,-0.283523,1.058,-1,0,-0.0998529,-0.191522,1.3722,-0.0076706,0.51179,1.461,0.202748,0.862402,0.775125,0.627705,0.122142,0.199712,0.202748,0.862402,0.775125,0.000326962,1.01398,1.02066,1.0026,0.000331097,3.23853e-05,1.72962e-05
746,0.00366179,0.965719,-0.259564,-0.551696,-0.254574,-0.272152,1.102,0.0833215,-0.283523,1.058,-1,0,-0.100296,-0.192074,1.37371,-0.0076706,0.51179,1.461,0.20263,0.862401,0.775056,0.56172,0.0917373,0.276658,0.20263,0.862401,0.775056,0.000203448,1.35229,1.00921,1.00616,0.000323512,3.67871e-05,1.82131e-05
749,0.00366179,0.965719,-0.259564,-0.551696,-0.254574,-0.272152,1.102,0.0833215,-0.283523,1.058,-1,0,-0.0997104,-0.192253,1.37251,-0.0076706,0.51179,1.461,0.202576,0.862297,0.775033,0.503094,0.140604,0.299817,0.202576,0.862297,0.775033,0.00017608,1.1187,1.18004,1.01697,0.000303912,3.1082e-05,1.20536e-05
751,0.00366179,0.965719,-0.259564,-0.551696,-0.254574,-0.272152,1.102,0.0833215,-0.283523,1.058,-1,0,-0.0995755,-0.192168,1.37236,0.271557,0.509583,1.492,0.118823,0.862469,0.775343,0.245651,0.547872,0.636183,0.118823,0.862469,0.775343,0.00014369,1.3241,1.55224,1.3716,0.000334851,2.81322e-05,1.43384e-05
754,0.00366179,0.965719,-0.259564,-0.551696,-0.254574,-0.272152,1.102,0.0833215,-0.283523,1.058,-1,0,-0.0993869,-0.191965,1.37163,0.271557,0.509583,1.492,0.118803,0.862807,0.775974,0.416523,0.670824,0.937228,0.118803,0.862807,0.775974,0.000223752,1.03132,1.4148,2.17566,0.000298194,2.7773e-05,1.71338e-05
756,0.00366179,0.965719,-0.259564,-0.551696,-0.254574,-0.272152,1.102,0.0833215,-0.283523,1.058,-1,0,-0.0987231,-0.192614,1.37099,0.271557,0.509583,1.492,0.118708,0.863026,0.776612,0.41498,0.679515,0.941889,0.118708,0.863026,0.776612,0.000318624,1.0416,1.03958,1.66192,0.000266903,3.08931e-05,1.12787e-05
759,0.00366179,0.965719,-0.259564,-0.551696,-0.254574,-0.272152,1.102,0.0833215,-0.283523,1.058,-1,0,-0.0994711,-0.19223,1.37291,0.271557,0.509583,1.492,0.118727,0.863121,0.777003,0.45832,0.651792,0.963675,0.118727,0.863121,0.777003,0.000331879,1.02431,1.0166,1.10724,0.000312023,3.11168e-05,1.37123e-05
761,0.00366179,0.965719,-0.259564,-0.551696,-0.254574,-0.272152,1.102,0.0833215,-0.283523,1.058,-1,0,-0.0991441,-0.19233,1.37045,0.271557,0.509583,1.492,0.118709,0.863557,0.777707,0.46115,0.669847,0.988613,0.118709,0.863557,0.777707,0.000351935,1.03324,1.01258,1.00329,0.00029976,2.97067e-05,1.02092e-05
763,0.00366179,0.965719,-0.259564,-0.551696,-0.254574,-0.272152,1.102,0.0833215,-0.283523,1.058,-1,0,-0.0987872,-0.192376,1.37014,0.442449,0.452435,1.374,0.0912314,0.864009,0.778506,0.560473,0.704006,0.934426,0.0912314,0.864009,0.778506,0.000377469,1.00099,1.0406,1.01736,0.000294774,2.96133e-05,8.96736e-06
766,0.00366179,0.965719,-0.259564,-0.551696,-0.254574,-0.272152,1.102,0.0833215,-0.283523,1.058,-1,0,-0.0986295,-0.192663,1.36939,0.442449,0.452435,1.374,0.0912244,0.864505,0.779346,0.526762,0.736358,0.925579,0.0912244,0.864505,0.779346,0.0004636,1.00506,1.00328,1.01456,0.000243362,2.94085e-05,1.23505e-05
768,0.00366179,0.965719,-0.259564,-0.551696,-0.254574,-0.272152,1.102,0.0833215,-0.283523,1.058,-1,0,-0.0991488,-0.192121,1.3699,0.442449,0.452435,1.374,0.091237,0.864798,0.779549,0.521491,0.765854,0.882938,0.091237,0.864798,0.779549,0.000406,1.11477,1.00527,1.02037,0.000252922,2.75366e-05,1.82211e-05
771,0.00366179,0.965719,-0.259564,-0.551696,-0.254574,-0.272152,1.102,0.0833215,-0.283523,1.058,-1,0,-0.0988415,-0.191913,1.3701,0.442449,0.452435,1.374,0.0913172,0.865378,0.780447,0.534687,0.768631,0.85519,0.0913172,0.865378,0.780447,0.000441554,1.04482,1.02975,1.009,0.00025527,2.80954e-05,1.73593e-05
773,0.00366179,0.965719,-0.259564,-0.551696,-0.254574,-0.272152,1.102,0.0833215,-0.283523,1.058,-1,0,-0.0987635,-0.192398,1.36972,0.442449,0.452435,1.374,0.0913411,0.86551,0.780731,0.562435,0.75627,0.818797,0.0913411,0.86551,0.780731,0.000333056,1.00894,1.00604,1.01532,0.000257455,3.03809e-05,1.0884e-05
776,0.00366179,0.965719,-0.259564,-0.551696,-0.254574,-0.272152,1.102,0.0833215,-0.283523,1.058,-1,0,-0.0982311,-0.192779,1.36793,0.442449,0.452435,1.374,0.0913458,0.866003,0.781501,0.545939,0.74033,0.891236,0.0913458,0.866003,0.781501,0.000402507,1.00596,1.02407,1.00082,0.000250568,2.94106e-05,1.11508e-05
778,0.00366179,0.965719,-0.259564,-0.551696,-0.254574,-0.272152,1.102,0.0833215,-0.283523,1.058,-1,0,-0.0983998,-0.192877,1.36822,0.442449,0.452435,1.374,0.0913429,0.866273,0.781899,0.514806,0.747943,0.916309,0.0913429,0.866273,0.781899,0.000290266,1.00031,1.00776,1.00557,0.000262249,2.8512e-05,9.48545e-06
781,0.00366179,0.965719,-0.259564,-0.551696,-0.254574,-0.272152,1.102,0.0833215,-0.283523,1.058,-1,0,-0.0988048,-0.192325,1.3691,0.442449,0.452435,1.374,0.0913505,0.866437,0.782209,0.505233,0.75336,0.915256,0.0913505,0.866437,0.782209,0.000294986,1.00546,1.00037,1.01745,0.000284515,2.85085e-05,1.14941e-05
783,0.00366179,0.965719,-0.259564,-0.551696,-0.254574,-0.272152,1.102,0.0833215,-0.283523,1.058,-1,0,-0.0990373,-0.19258,1.36911,0.442449,0.452435,1.374,0.0912694,0.866755,0.782518,0.438902,0.798696,0.87341,0.0912694,0.866755,0.782518,0.00022126,1.05422,1.01101,1.01403,0.000250161,2.99538e-05,1.00798e-05
786,0.00366179,0.965719,-0.259564,-0.551696,-0.254574,-0.272152,1.102,0.0833215,-0.283523,1.058,-1,0,-0.0981132,-0.192639,1.36861,0.442449,0.452435,1.374,0.0912979,0.866952,0.782971,0.464495,0.756154,0.913707,0.0912979,0.866952,0.782971,0.00022777,1.07992,1.00556,1.00466,0.000218522,3.23174e-05,1.91601e-05
788,0.00366179,0.965719,-0.259564,-0.551696,-0.254574,-0.272152,1.102,0.0833215,-0.283523,1.058,-1,0,-0.0985841,-0.192982,1.36862,0.442449,0.452435,1.374,0.0912502,0.866848,0.782728,0.353921,0.785489,0.814263,0.0912502,0.866848,0.782728,0.000221181,3.10779,1.02527,1.02725,0.000235598,2.97685e-05,1.01251e-05
790,0.00366179,0.965719,-0.259564,-0.551696,-0.254574,-0.272152,1.102,0.0833215,-0.283523,1.058,-1,0,-0.0986513,-0.192914,1.36909,0.442449,0.452435,1.374,0.0912269,0.866674,0.782437,0.329257,0.362031,0.384248,0.0912269,0.866674,0.782437,0.000201092,1.0102,3.14887,1.28147,0.000257699,2.80993e-05,8.75265e-06
793,0.00366179,0.965719,-0.259564,-0.551696,-0.254574,-0.272152,1.102,0.0833215,-0.283523,1.058,-1,0,-0.0985169,-0.19291,1.36914,0.442449,0.452435,1.374,0.0911936,0.866664,0.782522,0.351124,0.319893,0.249688,0.0911936,0.866664,0.782522,0.000157358,1.40834,1.46194,2.11764,0.000242906,2.96339e-05,9.84338e-06
795,0.00366179,0.965719,-0.259564,-0.551696,-0.254574,-0.272152,1.102,0.0833215,-0.283523,1.058,-1,0,-0.097692,-0.192897,1.36786,0.442449,0.452435,1.374,0.0912711,0.866802,0.783141,0.530864,0.470418,0.746148,0.0912711,0.866802,0.783141,0.000228317,1.13401,2.48105,1.1382,0.000234476,2.9092e-05,1.48598e-05
797,0.00366179,0.965719,-0.259564,-0.551696,-0.254574,-0.272152,1.102,0.0833215,-0.283523,1.058,-1,0,-0.098642,-0.193012,1.36749,0.442449,0.452435,1.374,0.0911913,0.867179,0.783407,0.468599,0.704336,0.92751,0.0911913,0.867179,0.783407,0.000254284,1.2135,1.73316,1.25351,0.000246128,2.87091e-05,9.64176e-06
799,0.00366179,0.965719,-0.259564,-0.551696,-0.254574,-0.272152,1.102,0.0833215,-0.283523,1.058,-1,0,-0.0989542,-0.192482,1.36873,0.442449,0.452435,1.374,0.0912097,0.86717,0.783271,0.517357,0.766765,0.882465,0.0912097,0.86717,0.783271,0.000252719,1.41471,1.45398,3.40529,0.000268412,2.8321e-05,1.18451e-05
802,0.00366179,0.965719,-0.259564,-0.551696,-0.254574,-0.272152,1.102,0.0833215,-0.283523,1.058,-1,0,-0.0990985,-0.192717,1.37061,0.442449,0.452435,1.374,0.0911936,0.866848,0.782739,0.363302,0.53386,0.211435,0.0911936,0.866848,0.782739,0.000234477,1.14251,6.05889,4.98397,0.000261353,3.19431e-05,1.16481e-05
804,0.00366179,0.965719,-0.259564,-0.551696,-0.254574,-0.272152,1.102,0.0833215,-0.283523,1.058,-1,0,-0.0984333,-0.193048,1.36913,0.442449,0.452435,1.374,0.0911871,0.866849,0.782769,0.494279,0.29237,0.0364329,0.0911871,0.866849,0.782769,0.000159038,1.13421,2.12673,4.3795,0.000222111,3.02359e-05,1.25559e-05
806,0.00366179,0.965719,-0.259564,-0.551696,-0.254574,-0.272152,1.102,0.0833215,-0.283523,1.058,-1,0,-0.098452,-0.19299,1.36946,0.442449,0.452435,1.374,0.0911176,0.866572,0.782182,0.429041,0.287939,0.0999399,0.0911176,0.866572,0.782182,0.000235442,1.11217,1.03235,5.10612,0.000222627,3.40845e-05,1.03324e-05
809,0.00366179,0.965719,-0.259564,-0.551696,-0.254574,-0.272152,1.102,0.0833215,-0.283523,1.058,-1,0,-0.0984524,-0.192776,1.36872,0.442449,0.452435,1.374,0.0911567,0.866224,0.781835,0.467301,0.233813,0.13723,0.0911567,0.866224,0.781835,0.000214113,1.05161,1.00019,1.13786,0.000243123,2.76913e-05,8.35373e-06
811,0.00366179,0.965719,-0.259564,-0.551696,-0.254574,-0.272152,1.102,0.0833215,-0.283523,1.058,-1,0,-0.0987196,-0.192648,1.36954,0.442449,0.452435,1.374,0.0911602,0.866004,0.781655,0.481332,0.211647,0.159449,0.0911602,0.866004,0.781655,0.000260444,1.01975,1.05094,1.02349,0.000248528,3.02963e-05,1.243e-05
813,0.00366179,0.965719,-0.259564,-0.551696,-0.254574,-0.272152,1.102,0.0833215,-0.283523,1.058,-1,0,-0.0986709,-0.192693,1.37003,0.442449,0.452435,1.374,0.0911969,0.866084,0.781894,0.620584,0.0621907,0.336776,0.0911969,0.866084,0.781894,0.000190052,2.20899,1.1779,1.09198,0.000239151,3.18082e-05,1.14681e-05
816,0.00366179,0.965719,-0.259564,-0.551696,-0.254574,-0.272152,1.102,0.0833215,-0.283523,1.058,-1,0,-0.0985563,-0.192909,1.36848,0.442449,0.452435,1.374,0.0911999,0.86625,0.782049,0.666878,0.54146,0.857506,0.0911999,0.86625,0.782049,0.000150063,1.09357,3.00576,1.47571,0.00023973,2.89576e-05,1.02006e-05
818,0.00366179,0.965719,-0.259564,-0.551696,-0.254574,-0.272152,1.102,0.0833215,-0.283523,1.058,-1,0,-0.0992985,-0.192221,1.36996,0.442449,0.452435,1.374,0.091206,0.866192,0.781695,0.589835,0.663906,0.52832,0.091206,0.866192,0.781695,0.00017619,1.43786,2.47042,1.56009,0.000284147,2.69996e-05,9.16339e-06
820,0.00366179,0.965719,-0.259564,-0.551696,-0.254574,-0.272152,1.102,0.0833215,-0.283523,1.058,-1,0,-0.099373,-0.192421,1.37095,0.442449,0.452435,1.374,0.0911671,0.865751,0.780861,0.475472,0.379825,0.0839814,0.0911671,0.865751,0.780861,0.0002905,1.07145,1.91698,1.21436,0.000268407,2.888e-05,1.39158e-05
823,0.00366179,0.965719,-0.259564,-0.551696,-0.254574,-0.272152,1.102,0.0833215,-0.283523,1.058,-1,0,-0.099387,-0.192211,1.37087,0.442449,0.452435,1.374,0.091156,0.865485,0.780323,0.477596,0.324798,0.0231067,0.091156,0.865485,0.780323,0.000349267,1.00288,1.15753,1.2912,0.000260383,2.95854e-05,1.38056e-05
825,0.00366179,0.965719,-0.259564,-0.551696,-0.254574,-0.272152,1.102,0.0833215,-0.283523,1.058,-1,0,-0.0991256,-0.192572,1.37077,0.442449,0.452435,1.374,0.0911312,0.865357,0.780018,0.460847,0.300663,0.0324275,0.0911312,0.865357,0.780018,0.000324839,1.0033,1.00198,1.28606,0.000269051,3.06532e-05,1.34018e-05
