16,0.0112294,0.975457,-0.219903,-0.512053,-0.256191,-0.273881,1.109,0.0851731,-0.285376,1.058,-1,0,-0.108977,-0.195813,1.33889,0,0,0,0.928843,0.0581604,0.0960191,1.50811e-09,0.929791,0.91692,0.464422,0.493976,0.506469,0.090501,1,1,1,0.000344054,0.00015882,4.94627e-06
47,0.0112294,0.975457,-0.219903,-0.512053,-0.256191,-0.273881,1.109,0.0851731,-0.285376,1.058,-1,0,-0.107879,-0.197823,1.34704,0,0,0,0.458976,0.300182,0.405526,2.99799e-09,0.899835,0.878219,0.229488,0.600008,0.641872,0.181551,1,1,1,0.000282159,0.000166259,9.00319e-06
49,0.0112294,0.975457,-0.219903,-0.512053,-0.256191,-0.273881,1.109,0.0851731,-0.285376,1.058,-1,0,-0.106193,-0.197538,1.34812,0,0,0,0.107421,0.749419,0.839823,0,0.829744,0.780803,0.0537103,0.789581,0.810313,0.272661,1,1,1,0.000262995,0.000191612,1.13098e-05
52,0.0112294,0.975457,-0.219903,-0.512053,-0.256191,-0.273881,1.109,0.0851731,-0.285376,1.058,-1,0,-0.106042,-0.19892,1.34504,0,0,0,0.0119745,0.982924,0.979759,0.000181227,0.597379,0.481453,0.00607786,0.790152,0.730606,0.27308,1,1,1,0.00026062,0.00017407,7.94331e-06
54,0.0112294,0.975457,-0.219903,-0.512053,-0.256191,-0.273881,1.109,0.0851731,-0.285376,1.058,-1,0,-0.10659,-0.197904,1.34573,0,0,0,0.000633448,0.90749,0.808118,0.000237929,0.241369,0.204624,0.000435689,0.57443,0.506371,0.272988,1,1,1,0.000288464,0.00018309,8.93403e-06
56,0.0112294,0.975457,-0.219903,-0.512053,-0.256191,-0.273881,1.109,0.0851731,-0.285376,1.058,-1,0,-0.105446,-0.199061,1.34439,0,0,0,0.000624857,0.906105,0.807537,0.00058761,0.24068,0.203939,0.000606234,0.573393,0.505738,0.182365,1.00122,1,1,0.000230754,0.000199227,9.00357e-06
58,0.0112294,0.975457,-0.219903,-0.512053,-0.256191,-0.273881,1.109,0.0851731,-0.285376,1.058,-1,0,-0.10657,-0.199515,1.34512,0,0,0,0.000627519,0.906444,0.808427,0.00139477,0.240696,0.204728,0.00101114,0.57357,0.506577,0.0916368,1.30643,1.00143,1,0.000238866,0.000191167,9.75439e-06
60,0.0112294,0.975457,-0.219903,-0.512053,-0.256191,-0.273881,1.109,0.0851731,-0.285376,1.058,-1,0,-0.106784,-0.198535,1.34713,0,0,0,0.000628714,0.906792,0.808668,0.369278,0.383373,0.567602,0.000628714,0.906792,0.808668,0.000779917,1.09258,1.00479,1.00113,0.000282265,0.00018664,9.86054e-06
62,0.0112294,0.975457,-0.219903,-0.512053,-0.256191,-0.273881,1.109,0.0851731,-0.285376,1.058,-1,0,-0.107237,-0.198697,1.345,0,0,0,0.000628684,0.906942,0.808446,0.724673,0.823449,0.748141,0.000628684,0.906942,0.808446,0.000374291,1.24387,1.43486,1.00234,0.000290264,0.000174857,8.44495e-06
64,0.0112294,0.975457,-0.219903,-0.512053,-0.256191,-0.273881,1.109,0.0851731,-0.285376,1.058,-1,0,-0.108136,-0.197921,1.34718,0,0,0,0.000626327,0.906847,0.807782,0.427026,0.651867,0.310335,0.000626327,0.906847,0.807782,0.000323595,1.07963,2.00916,1.00195,0.000320436,0.000182469,8.19423e-06
66,0.0112294,0.975457,-0.219903,-0.512053,-0.256191,-0.273881,1.109,0.0851731,-0.285376,1.058,-1,0,-0.110074,-0.197404,1.34724,0,0,0,0.000621892,0.906751,0.806048,0.327263,0.493204,0.142368,0.000621892,0.906751,0.806048,0.000600546,1.01313,1.14462,1.92454,0.000361,0.000160733,7.87567e-06
68,0.0112294,0.975457,-0.219903,-0.512053,-0.256191,-0.273881,1.109,0.0851731,-0.285376,1.058,-1,0,-0.10881,-0.197598,1.34796,0,0,0,0.000617827,0.906324,0.804719,0.287362,0.431375,0.0877156,0.000617827,0.906324,0.804719,0.000792315,1.01751,1.01334,1.56423,0.000344647,0.000168493,6.39757e-06
71,0.0112294,0.975457,-0.219903,-0.512053,-0.256191,-0.273881,1.109,0.0851731,-0.285376,1.058,-1,0,-0.107753,-0.197466,1.34747,0,0,0,0.000617445,0.906308,0.804365,0.31883,0.436607,0.115119,0.000617445,0.906308,0.804365,0.000750091,1.02979,1.01991,1.06803,0.000305788,0.000175048,6.74978e-06
74,0.0112294,0.975457,-0.219903,-0.512053,-0.256191,-0.273881,1.109,0.0851731,-0.285376,1.058,-1,0,-0.107233,-0.197458,1.34685,0,0,0,0.000614979,0.905839,0.803763,0.28322,0.33594,0.117817,0.000614979,0.905839,0.803763,0.000520115,1.11583,1.02878,1.04494,0.000288682,0.000175489,7.6937e-06
76,0.0112294,0.975457,-0.219903,-0.512053,-0.256191,-0.273881,1.109,0.0851731,-0.285376,1.058,-1,0,-0.107561,-0.197389,1.34756,0,0,0,0.000614591,0.905648,0.803719,0.310588,0.257623,0.218404,0.000614591,0.905648,0.803719,0.000305459,1.06485,1.08504,1.05899,0.000297013,0.00018553,8.14266e-06
79,0.0112294,0.975457,-0.219903,-0.512053,-0.256191,-0.273881,1.109,0.0851731,-0.285376,1.058,-1,0,-0.106631,-0.197832,1.34768,0,0,0,0.000614242,0.905135,0.804254,0.359801,0.130205,0.478596,0.000614242,0.905135,0.804254,0.000439934,1.06501,1.50741,1.41873,0.000264717,0.000195932,7.0253e-06
81,0.0112294,0.975457,-0.219903,-0.512053,-0.256191,-0.273881,1.109,0.0851731,-0.285376,1.058,-1,0,-0.10642,-0.197891,1.34792,0,0,0,0.000614518,0.904851,0.80472,0.484668,0.294871,0.644894,0.000614518,0.904851,0.80472,0.000451975,1.00256,1.25492,1.77044,0.000289392,0.000178551,6.6974e-06
84,0.0112294,0.975457,-0.219903,-0.512053,-0.256191,-0.273881,1.109,0.0851731,-0.285376,1.058,-1,0,-0.106572,-0.198008,1.34788,0,0,0,0.000613936,0.904646,0.804866,0.480355,0.315323,0.657455,0.000613936,0.904646,0.804866,0.000484599,1.023,1.00939,1.44948,0.000271996,0.000182721,7.88796e-06
87,0.0112294,0.975457,-0.219903,-0.512053,-0.256191,-0.273881,1.109,0.0851731,-0.285376,1.058,-1,0,-0.106496,-0.198974,1.34418,0,0,0,0.000617638,0.90521,0.805846,0.637264,0.516625,0.839265,0.000617638,0.90521,0.805846,0.000461933,1.25247,1.12579,1.24312,0.000291301,0.000171082,8.41139e-06
89,0.0112294,0.975457,-0.219903,-0.512053,-0.256191,-0.273881,1.109,0.0851731,-0.285376,1.058,-1,0,-0.106783,-0.198684,1.34534,0,0,0,0.000620752,0.905658,0.806693,0.732625,0.66923,0.896206,0.000620752,0.905658,0.806693,0.000480752,1.00043,1.23412,1.21399,0.000286636,0.000163133,1.17938e-05
92,0.0112294,0.975457,-0.219903,-0.512053,-0.256191,-0.273881,1.109,0.0851731,-0.285376,1.058,-1,0,-0.105853,-0.198256,1.34831,0,0,0,0.000619819,0.905454,0.806698,0.734912,0.681733,0.887684,0.000619819,0.905454,0.806698,0.000462245,1.34028,1.00067,1.19308,0.000296889,0.000163739,8.58193e-06
94,0.0112294,0.975457,-0.219903,-0.512053,-0.256191,-0.273881,1.109,0.0851731,-0.285376,1.058,-1,0,-0.107568,-0.198189,1.35036,0,0,0,0.000615998,0.905114,0.805855,0.336381,0.445786,0.503796,0.000615998,0.905114,0.805855,0.000432771,1.19697,2.17966,1.15987,0.000348307,0.000168366,6.42728e-06
96,0.0112294,0.975457,-0.219903,-0.512053,-0.256191,-0.273881,1.109,0.0851731,-0.285376,1.058,-1,0,-0.105342,-0.198224,1.34925,0,0,0,0.000614072,0.904679,0.805722,0.0866506,0.188648,0.283576,0.000614072,0.904679,0.805722,0.00037708,1.18716,1.88005,1.94456,0.000271548,0.000186309,8.96459e-06
99,0.0112294,0.975457,-0.219903,-0.512053,-0.256191,-0.273881,1.109,0.0851731,-0.285376,1.058,-1,0,-0.107317,-0.197746,1.35201,0.553923,0.460327,1.413,0.0459457,0.903058,0.803348,0.521189,0.204754,0.173223,0.0459457,0.903058,0.803348,0.000835903,1.06013,1.01357,2.2045,0.0003387,0.000160462,8.46878e-06
101,0.0112294,0.975457,-0.219903,-0.512053,-0.256191,-0.273881,1.109,0.0851731,-0.285376,1.058,-1,0,-0.108067,-0.197647,1.35186,0.553923,0.460327,1.413,0.0459648,0.901774,0.801252,0.53775,0.19469,0.168252,0.0459648,0.901774,0.801252,0.00110327,1.00098,1.00919,1.09237,0.00034339,0.000168878,7.19492e-06
103,0.0112294,0.975457,-0.219903,-0.512053,-0.256191,-0.273881,1.109,0.0851731,-0.285376,1.058,-1,0,-0.106103,-0.198297,1.34978,0.553923,0.460327,1.413,0.045957,0.901496,0.800808,0.518869,0.221906,0.139381,0.045957,0.901496,0.800808,0.00107904,1.00253,1.00679,1.02019,0.000323636,0.000144923,6.48518e-06
105,0.0112294,0.975457,-0.219903,-0.512053,-0.256191,-0.273881,1.109,0.0851731,-0.285376,1.058,-1,0,-0.107865,-0.198002,1.3507,0.553923,0.460327,1.413,0.045953,0.90145,0.800646,0.503442,0.242867,0.118781,0.045953,0.90145,0.800646,0.000580509,1.04424,1.00141,1.00356,0.000305173,0.000175546,7.21767e-06
108,0.0112294,0.975457,-0.219903,-0.512053,-0.256191,-0.273881,1.109,0.0851731,-0.285376,1.058,-1,0,-0.10936,-0.197221,1.35154,0.553923,0.460327,1.413,0.04581,0.901421,0.799212,0.38806,0.429503,0.0820246,0.04581,0.901421,0.799212,0.000447677,1.00561,1.08662,1.06338,0.000388887,0.000142573,6.23916e-06
110,0.0112294,0.975457,-0.219903,-0.512053,-0.256191,-0.273881,1.109,0.0851731,-0.285376,1.058,-1,0,-0.109648,-0.197146,1.35267,0.553923,0.460327,1.413,0.045725,0.901544,0.79856,0.360963,0.506909,0.163017,0.045725,0.901544,0.79856,0.000514653,1.00643,1.06044,1.1057,0.00038877,0.000164289,5.97667e-06
112,0.0112294,0.975457,-0.219903,-0.512053,-0.256191,-0.273881,1.109,0.0851731,-0.285376,1.058,-1,0,-0.108898,-0.197157,1.35212,0.553923,0.460327,1.413,0.0457087,0.901564,0.798298,0.362898,0.51627,0.174535,0.0457087,0.901564,0.798298,0.000548692,1.00754,1.00878,1.1162,0.000365632,0.00016391,6.29342e-06
115,0.0112294,0.975457,-0.219903,-0.512053,-0.256191,-0.273881,1.109,0.0851731,-0.285376,1.058,-1,0,-0.109946,-0.197331,1.35258,0.553923,0.460327,1.413,0.0455755,0.901399,0.796752,0.369198,0.4958,0.153583,0.0455755,0.901399,0.796752,0.000556558,1.01351,1.00255,1.00757,0.000410726,0.000151146,6.43758e-06
117,0.0112294,0.975457,-0.219903,-0.512053,-0.256191,-0.273881,1.109,0.0851731,-0.285376,1.058,-1,0,-0.108153,-0.19746,1.35148,0.553923,0.460327,1.413,0.0455918,0.901233,0.796442,0.408783,0.441089,0.102582,0.0455918,0.901233,0.796442,0.000455981,1.03057,1.02054,1.00518,0.000369071,0.00015183,8.47869e-06
120,0.0112294,0.975457,-0.219903,-0.512053,-0.256191,-0.273881,1.109,0.0851731,-0.285376,1.058,-1,0,-0.108545,-0.197616,1.35175,0.553923,0.460327,1.413,0.0456143,0.90111,0.796566,0.417552,0.389285,0.0430577,0.0456143,0.90111,0.796566,0.000451218,1.70797,1.14788,1.02124,0.000386618,0.000146903,6.7005e-06
122,0.0112294,0.975457,-0.219903,-0.512053,-0.256191,-0.273881,1.109,0.0851731,-0.285376,1.058,-1,0,-0.108592,-0.197571,1.35185,0.314063,0.444466,1.402,0.14604,0.901178,0.797019,0.63151,0.323718,0.662112,0.14604,0.901178,0.797019,0.000221381,1.09327,2.06143,1.42198,0.000394358,0.000151232,6.27513e-06
125,0.0112294,0.975457,-0.219903,-0.512053,-0.256191,-0.273881,1.109,0.0851731,-0.285376,1.058,-1,0,-0.10633,-0.198526,1.34921,0.314063,0.444466,1.402,0.146054,0.901558,0.798395,0.519794,0.56533,0.896086,0.146054,0.901558,0.798395,0.000429649,1.00301,1.26256,19.8553,0.000309092,0.000164555,5.80198e-06
127,0.0112294,0.975457,-0.219903,-0.512053,-0.256191,-0.273881,1.109,0.0851731,-0.285376,1.058,-1,0,-0.105155,-0.198804,1.34767,0.314063,0.444466,1.402,0.146248,0.902079,0.800727,0.533163,0.595253,0.941189,0.146248,0.902079,0.800727,0.000835717,1.00217,1.0162,2.39503,0.000259074,0.000172877,6.04412e-06
130,0.0112294,0.975457,-0.219903,-0.512053,-0.256191,-0.273881,1.109,0.0851731,-0.285376,1.058,-1,0,-0.108681,-0.197247,1.35175,0.314063,0.444466,1.402,0.146231,0.902075,0.80054,0.531549,0.605613,0.952614,0.146231,0.902075,0.80054,0.000784231,1.19095,1.00236,1.04819,0.000364015,0.000159749,5.41191e-06
132,0.0112294,0.975457,-0.219903,-0.512053,-0.256191,-0.273881,1.109,0.0851731,-0.285376,1.058,-1,0,-0.106682,-0.198149,1.34854,0.214683,0.422552,1.363,0.221339,0.902547,0.801793,0.534053,0.622246,0.967163,0.221339,0.902547,0.801793,0.000759524,1.35351,1.01132,1.01041,0.000298438,0.000153612,6.68249e-06
135,0.0112294,0.975457,-0.219903,-0.512053,-0.256191,-0.273881,1.109,0.0851731,-0.285376,1.058,-1,0,-0.105852,-0.198594,1.34845,0.214683,0.422552,1.363,0.221409,0.902973,0.803295,0.523104,0.648958,0.978135,0.221409,0.902973,0.803295,0.000590216,1.00374,1.00212,1.00538,0.000285267,0.000170742,8.52034e-06
138,0.0112294,0.975457,-0.219903,-0.512053,-0.256191,-0.273881,1.109,0.0851731,-0.285376,1.058,-1,0,-0.108214,-0.197704,1.34905,0.214683,0.422552,1.363,0.221375,0.903201,0.802933,0.520235,0.70228,0.922088,0.221375,0.903201,0.802933,0.000685521,1.78666,1.0048,1.01764,0.000326596,0.000187563,1.46219e-05
141,0.0112294,0.975457,-0.219903,-0.512053,-0.256191,-0.273881,1.109,0.0851731,-0.285376,1.058,-1,0,-0.124208,-0.198547,1.34018,0.214683,0.422552,1.363,0.219258,0.90722,0.801487,0.366912,0.827202,0.484524,0.219258,0.90722,0.801487,0.00180092,1.00979,1.40747,1.39674,0.000429609,0.000158619,3.35929e-05
144,0.0112294,0.975457,-0.219903,-0.512053,-0.256191,-0.273881,1.109,0.0851731,-0.285376,1.058,-1,0,-0.130554,-0.208774,1.3079,0.0998178,0.382946,1.358,0.328379,0.919542,0.810068,0.373764,0.943121,0.590814,0.351071,0.931331,0.700441,0.00485845,1.06305,1.01964,1.06844,0.000266101,0.000176063,1.25136e-05
146,0.0112294,0.975457,-0.219903,-0.512053,-0.256191,-0.273881,1.109,0.0851731,-0.285376,1.058,-1,0,-0.106257,-0.211257,1.27382,0.0998178,0.382946,1.358,0.323644,0.934167,0.830282,0.394881,0.911691,0.702441,0.359262,0.922929,0.766361,0.00977908,1.02614,1.07463,1.01141,0.000321938,0.000140436,4.06434e-05
149,0.0112294,0.975457,-0.219903,-0.512053,-0.256191,-0.273881,1.109,0.0851731,-0.285376,1.058,-1,0,-0.0216232,-0.215636,1.24205,0.0998178,0.382946,1.358,0.32493,0.942471,0.871683,0.446887,0.702238,0.882122,0.385908,0.822354,0.876903,0.0175322,1.05166,1.11938,1.06061,0.000207588,0.000165842,6.83153e-05
152,0.0112294,0.975457,-0.219903,-0.512053,-0.256191,-0.273881,1.109,0.0851731,-0.285376,1.058,-1,1,0.0817973,-0.216264,1.24966,0.0998178,0.382946,1.358,0.333189,0.931,0.921329,0.492118,0.494028,0.921144,0.412653,0.712514,0.921237,0.0285252,1.02117,1.12529,1.13226,0.000261057,8.12829e-05,8.02376e-06
155,0.0112294,0.975457,-0.219903,-0.512053,-0.256191,-0.273881,1.109,0.0851731,-0.285376,1.058,-1,1,0.125839,-0.19186,1.30932,0.0998178,0.382946,1.358,0.351436,0.887214,0.950805,0.519373,0.333941,0.756056,0.435405,0.610577,0.85343,0.0402693,1.01783,1.08124,1.17065,0.000294513,9.05639e-05,3.50552e-05
158,0.0112294,0.975457,-0.219903,-0.512053,-0.256191,-0.273881,1.109,0.0851731,-0.285376,1.058,-1,1,0.14887,0.347078,1.32351,0.0998178,0.382946,1.358,0.561265,0.751466,0.902566,0.72695,0.188418,0.441937,0.644107,0.469942,0.672251,0.0726399,1.13161,1.13309,1.15839,0.000254762,9.05687e-05,6.07737e-06
160,0.0112294,0.975457,-0.219903,-0.512053,-0.256191,-0.273881,1.109,0.0851731,-0.285376,1.058,-1,1,-0.0401187,-0.186328,1.38956,0.0998178,0.382946,1.358,0.579214,0.709482,0.876017,0.776705,0.140934,0.346447,0.677959,0.425208,0.611232,0.0673319,1.10093,1.18306,1.19143,0.000227175,0.000120036,1.81517e-05
163,0.0112294,0.975457,-0.219903,-0.512053,-0.256191,-0.273881,1.109,0.0851731,-0.285376,1.058,-1,1,-0.119035,-0.201536,1.33838,0.0998178,0.382946,1.358,0.584124,0.716333,0.847687,0.88163,0.188882,0.240407,0.732877,0.452608,0.544047,0.059711,1.2545,1.22975,1.31527,0.000250188,0.00017647,6.20498e-05
165,0.0112294,0.975457,-0.219903,-0.512053,-0.256191,-0.273881,1.109,0.0851731,-0.285376,1.058,-1,1,-0.121493,-0.211902,1.26294,0.0998178,0.382946,1.358,0.573072,0.764373,0.8311,0.508578,0.50806,0.20944,0.540825,0.636217,0.52027,0.0318071,1.0652,1.55854,1.60767,0.000239371,0.000153687,7.93028e-05
168,0.0112294,0.975457,-0.219903,-0.512053,-0.256191,-0.273881,1.109,0.0851731,-0.285376,1.058,-1,1,-0.0267732,-0.219782,1.21545,0.0998178,0.382946,1.358,0.545883,0.82138,0.844205,0.409569,0.718988,0.381603,0.477726,0.770184,0.612904,0.0348548,1.05314,1.42616,2.1373,0.000188274,0.000129706,7.48722e-05
171,0.0112294,0.975457,-0.219903,-0.512053,-0.256191,-0.273881,1.109,0.0851731,-0.285376,1.058,-1,1,0.0955175,-0.216225,1.24062,0.0998178,0.382946,1.358,0.345783,0.909687,0.924208,0.122126,0.765095,0.549833,0.233954,0.837391,0.737021,0.0637977,1.15779,1.26508,8.16497,0.000240712,9.886e-05,4.60507e-05
174,0.0112294,0.975457,-0.219903,-0.512053,-0.256191,-0.273881,1.109,0.0851731,-0.285376,1.058,-1,1,0.129725,-0.195725,1.29106,0.0998178,0.382946,1.358,0.349971,0.890417,0.957035,0.0973723,0.65233,0.714781,0.223671,0.771373,0.835908,0.0633174,1.25575,1.40888,1.59264,0.000307489,7.3732e-05,4.27332e-05
176,0.0112294,0.975457,-0.219903,-0.512053,-0.256191,-0.273881,1.109,0.0851731,-0.285376,1.058,-1,1,0.106959,-0.188333,1.35796,0.0998178,0.382946,1.358,0.365474,0.830451,0.964798,0.207182,0.45039,0.706134,0.286328,0.64042,0.835466,0.0663768,1.0499,1.57768,1.88925,0.000278008,9.96833e-05,2.3048e-05
179,0.0112294,0.975457,-0.219903,-0.512053,-0.256191,-0.273881,1.109,0.0851731,-0.285376,1.058,-1,1,0.00434928,-0.183324,1.38849,0.117012,0.34673,1.311,0.448778,0.771848,0.945133,0.552062,0.147704,0.495607,0.50042,0.459776,0.72037,0.0402554,1.06369,1.40334,2.17875,0.000251852,0.000105413,1.31139e-05
182,0.0112294,0.975457,-0.219903,-0.512053,-0.256191,-0.273881,1.109,0.0851731,-0.285376,1.058,-1,1,-0.100831,-0.189339,1.37666,0.117012,0.34673,1.311,0.456225,0.760248,0.906443,0.573383,0.0642769,0.273262,0.514804,0.412262,0.589853,0.0391512,1.21099,1.40895,1.85862,0.00024119,0.000134068,1.92898e-05
185,0.0112294,0.975457,-0.219903,-0.512053,-0.256191,-0.273881,1.109,0.0851731,-0.285376,1.058,-1,1,-0.122607,-0.213307,1.29889,0.117012,0.34673,1.311,0.443197,0.804917,0.880037,0.505497,0.401482,0.0687246,0.474347,0.603199,0.474381,0.0390556,1.10584,1.98884,1.90377,0.000225843,0.000177842,2.7701e-05
187,0.0112294,0.975457,-0.219903,-0.512053,-0.256191,-0.273881,1.109,0.0851731,-0.285376,1.058,-1,1,-0.0719379,-0.216542,1.23036,0.117012,0.34673,1.311,0.420006,0.864286,0.87843,0.420989,0.642858,0.275542,0.420498,0.753572,0.576986,0.0411613,1.04103,1.53684,4.92057,0.000250019,0.00014838,5.21012e-05
190,0.0112294,0.975457,-0.219903,-0.512053,-0.256191,-0.273881,1.109,0.0851731,-0.285376,1.058,-1,1,0.0334012,-0.224181,1.20524,0.125313,0.353019,1.326,0.386097,0.908965,0.907696,0.369734,0.853673,0.445533,0.377915,0.881319,0.676615,0.0407119,1.09079,1.26745,3.5603,0.000234311,0.000108095,5.91968e-05
193,0.0112294,0.975457,-0.219903,-0.512053,-0.256191,-0.273881,1.109,0.0851731,-0.285376,1.058,-1,1,0.108428,-0.218465,1.22541,0.125313,0.353019,1.326,0.380765,0.916214,0.951096,0.36787,0.834794,0.712771,0.374318,0.875504,0.831934,0.0387676,1.13771,1.45967,2.38536,0.000239673,8.59667e-05,1.22124e-05
196,0.0112294,0.975457,-0.219903,-0.512053,-0.256191,-0.273881,1.109,0.0851731,-0.285376,1.058,-1,1,0.136286,-0.200021,1.29155,0.125313,0.353019,1.326,0.392037,0.875608,0.978412,0.446527,0.475958,0.907435,0.419282,0.675783,0.942923,0.0414694,1.05746,1.628,2.97737,0.000362233,9.7398e-05,3.1931e-05
198,0.0112294,0.975457,-0.219903,-0.512053,-0.256191,-0.273881,1.109,0.0851731,-0.285376,1.058,-1,1,0.116072,-0.189464,1.36124,0.125313,0.353019,1.326,0.414724,0.799854,0.976296,0.510248,0.249464,0.626556,0.462486,0.524659,0.801426,0.0464413,1.04925,1.31026,3.13817,0.00046424,9.23336e-05,1.99417e-05
201,0.0112294,0.975457,-0.219903,-0.512053,-0.256191,-0.273881,1.109,0.0851731,-0.285376,1.058,-1,1,0.0530675,-0.179116,1.3923,0.125313,0.353019,1.326,0.436317,0.73333,0.949956,0.549986,0.0896938,0.417661,0.493151,0.411512,0.683808,0.0471972,1.05595,1.21347,2.11629,0.000207423,9.75236e-05,1.10217e-05
204,0.0112294,0.975457,-0.219903,-0.512053,-0.256191,-0.273881,1.109,0.0851731,-0.285376,1.058,-1,1,-0.0634271,-0.184487,1.40555,0.141557,0.357664,1.326,0.437421,0.722588,0.903872,0.580085,0.12588,0.192815,0.508753,0.424234,0.548344,0.0454535,1.16835,1.38031,1.86873,0.000188052,7.10915e-05,2.30065e-05
206,0.0112294,0.975457,-0.219903,-0.512053,-0.256191,-0.273881,1.109,0.0851731,-0.285376,1.058,-1,1,-0.134679,-0.190892,1.36142,0.141557,0.357664,1.326,0.430284,0.757967,0.857033,0.513622,0.384672,0.0712783,0.471953,0.57132,0.464156,0.047593,1.04769,1.58875,2.38363,0.000214457,0.000140523,2.36294e-05
209,0.0112294,0.975457,-0.219903,-0.512053,-0.256191,-0.273881,1.109,0.0851731,-0.285376,1.058,-1,1,-0.142797,-0.210859,1.30643,0.141557,0.357664,1.326,0.401032,0.820317,0.829982,0.428554,0.554688,0.222929,0.414793,0.687502,0.526456,0.0523744,1.02907,1.27392,2.6535,0.000244093,0.000133715,2.9844e-05
211,0.0112294,0.975457,-0.219903,-0.512053,-0.256191,-0.273881,1.109,0.0851731,-0.285376,1.058,-1,1,-0.0846698,-0.214826,1.2445,0.141557,0.357664,1.326,0.372229,0.886013,0.838221,0.377532,0.689557,0.330185,0.37488,0.787785,0.584203,0.0528812,1.04358,1.14247,1.89054,0.000230562,0.000136794,2.9149e-05
214,0.0112294,0.975457,-0.219903,-0.512053,-0.256191,-0.273881,1.109,0.0851731,-0.285376,1.058,-1,1,0.00106517,-0.227892,1.21455,0.141557,0.357664,1.326,0.351034,0.930369,0.877794,0.343779,0.878335,0.476051,0.347407,0.904352,0.676922,0.0469868,1.07598,1.18816,1.48964,0.000210175,0.000130459,2.1742e-05
217,0.0112294,0.975457,-0.219903,-0.512053,-0.256191,-0.273881,1.109,0.0851731,-0.285376,1.058,-1,1,0.107082,-0.218956,1.24383,0.123456,0.359013,1.331,0.362716,0.929902,0.935473,0.383427,0.778535,0.771908,0.373072,0.854219,0.85369,0.0441755,1.16247,1.47735,1.6738,0.000365144,0.000114431,2.35369e-05
220,0.0112294,0.975457,-0.219903,-0.512053,-0.256191,-0.273881,1.109,0.0851731,-0.285376,1.058,-1,1,0.125873,-0.197198,1.29805,0.123456,0.359013,1.331,0.379933,0.886535,0.967431,0.468154,0.44232,0.877394,0.424043,0.664428,0.922412,0.0464836,1.03636,1.57353,2.50008,0.00041092,5.67343e-05,4.16163e-05
223,0.0112294,0.975457,-0.219903,-0.512053,-0.256191,-0.273881,1.109,0.0851731,-0.285376,1.058,-1,1,0.0781224,-0.180523,1.3826,0.123456,0.359013,1.331,0.40565,0.816401,0.964193,0.530537,0.240618,0.622805,0.468093,0.52851,0.793499,0.0494257,1.04484,1.24151,2.80266,0.000383744,5.72059e-05,3.51954e-05
225,0.0112294,0.975457,-0.219903,-0.512053,-0.256191,-0.273881,1.109,0.0851731,-0.285376,1.058,-1,1,-0.0035656,-0.180481,1.40751,0.123456,0.359013,1.331,0.424734,0.76272,0.934796,0.568428,0.0868327,0.426838,0.496581,0.424776,0.680817,0.0459432,1.07749,1.19771,1.91314,0.000282154,7.07369e-05,1.61047e-05
228,0.0112294,0.975457,-0.219903,-0.512053,-0.256191,-0.273881,1.109,0.0851731,-0.285376,1.058,-1,1,-0.108941,-0.184486,1.41189,0.122992,0.353019,1.326,0.445489,0.750677,0.881725,0.577385,0.147759,0.176739,0.511437,0.449218,0.529232,0.0433993,1.12324,1.43115,1.83331,0.000231408,0.000114427,3.17275e-05
230,0.0112294,0.975457,-0.219903,-0.512053,-0.256191,-0.273881,1.109,0.0851731,-0.285376,1.058,-1,1,-0.15672,-0.195606,1.34875,0.122992,0.353019,1.326,0.432832,0.790546,0.833011,0.494382,0.407289,0.086483,0.463607,0.598918,0.459747,0.0466803,1.06096,1.55933,2.51996,0.000315264,0.000136849,2.46514e-05
233,0.0112294,0.975457,-0.219903,-0.512053,-0.256191,-0.273881,1.109,0.0851731,-0.285376,1.058,-1,1,-0.126114,-0.20831,1.27252,0.122992,0.353019,1.326,0.40475,0.848895,0.812314,0.420886,0.563739,0.22814,0.412818,0.706317,0.520227,0.0512295,1.03137,1.2635,2.71538,0.00026144,0.000150668,4.32474e-05
236,0.0112294,0.975457,-0.219903,-0.512053,-0.256191,-0.273881,1.109,0.0851731,-0.285376,1.058,-1,1,-0.0365794,-0.225432,1.22407,0.121127,0.354351,1.331,0.378414,0.905522,0.842049,0.370511,0.741274,0.371922,0.374462,0.823398,0.606985,0.0492762,1.09704,1.19933,1.97183,0.00019003,0.000141798,3.09096e-05
239,0.0112294,0.975457,-0.219903,-0.512053,-0.256191,-0.273881,1.109,0.0851731,-0.285376,1.058,-1,1,0.0768472,-0.216107,1.22734,0.121127,0.354351,1.331,0.374652,0.927256,0.89904,0.360866,0.960405,0.615959,0.367759,0.943831,0.7575,0.0436516,1.147,1.42466,1.75424,0.000315188,5.70726e-05,1.56832e-05
242,0.0112294,0.975457,-0.219903,-0.512053,-0.256191,-0.273881,1.109,0.0851731,-0.285376,1.058,-1,1,0.130376,-0.19246,1.30365,0.121127,0.354351,1.331,0.392213,0.900975,0.946735,0.450363,0.570365,0.956868,0.421288,0.73567,0.951801,0.0442687,1.07042,1.74567,2.60644,0.000420838,7.03777e-05,4.99535e-05
244,0.0112294,0.975457,-0.219903,-0.512053,-0.256191,-0.273881,1.109,0.0851731,-0.285376,1.058,-1,1,0.115829,-0.184367,1.38703,0.121127,0.354351,1.331,0.416109,0.829151,0.956265,0.519667,0.308791,0.694432,0.467888,0.568971,0.825348,0.0492479,1.0418,1.3682,3.78926,0.000433946,0.0001224,3.68206e-05
247,0.0112294,0.975457,-0.219903,-0.512053,-0.256191,-0.273881,1.109,0.0851731,-0.285376,1.058,-1,1,0.0306035,-0.172735,1.42768,0.121127,0.354351,1.331,0.438884,0.75489,0.929117,0.552404,0.146722,0.481482,0.495644,0.450806,0.705299,0.0507746,1.05427,1.19994,2.40922,0.000335573,0.000101255,1.85555e-05
249,0.0112294,0.975457,-0.219903,-0.512053,-0.256191,-0.273881,1.109,0.0851731,-0.285376,1.058,-1,1,-0.0546493,-0.173705,1.42598,0.131776,0.344747,1.321,0.470178,0.714693,0.875609,0.570943,0.0354424,0.278077,0.520561,0.375068,0.576843,0.0472035,1.10113,1.26884,1.74385,0.000204913,0.000106782,1.88706e-05
252,0.0112294,0.975457,-0.219903,-0.512053,-0.256191,-0.273881,1.109,0.0851731,-0.285376,1.058,-1,1,-0.132041,-0.188065,1.39667,0.131776,0.344747,1.321,0.46139,0.728095,0.814813,0.518792,0.281792,0.0337244,0.490091,0.504944,0.424269,0.0468639,1.08409,1.49342,1.99047,0.000231837,0.000170912,3.32827e-05
255,0.0112294,0.975457,-0.219903,-0.512053,-0.256191,-0.273881,1.109,0.0851731,-0.285376,1.058,-1,1,-0.147531,-0.210781,1.30824,0.131776,0.344747,1.321,0.429394,0.791822,0.790444,0.42902,0.499587,0.188451,0.429207,0.645705,0.489448,0.0505411,1.06167,1.41657,2.61805,0.000199917,0.000121167,2.21477e-05
257,0.0112294,0.975457,-0.219903,-0.512053,-0.256191,-0.273881,1.109,0.0851731,-0.285376,1.058,-1,1,-0.0999852,-0.210252,1.25752,0.131776,0.344747,1.321,0.400158,0.865757,0.802198,0.37154,0.667868,0.330642,0.385849,0.766812,0.56642,0.0534616,1.03985,1.25067,2.40298,0.000243652,0.000139342,4.45552e-05
260,0.0112294,0.975457,-0.219903,-0.512053,-0.256191,-0.273881,1.109,0.0851731,-0.285376,1.058,-1,1,0.00487271,-0.221827,1.23364,0.131776,0.344747,1.321,0.384056,0.913963,0.854009,0.35157,0.885433,0.506313,0.367813,0.899698,0.680161,0.0488913,1.10751,1.24287,1.85469,0.000243859,0.000121144,1.9632e-05
263,0.0112294,0.975457,-0.219903,-0.512053,-0.256191,-0.273881,1.109,0.0851731,-0.285376,1.058,-1,1,0.109297,-0.203035,1.27354,0.123456,0.349688,1.331,0.388266,0.915648,0.913503,0.399772,0.79201,0.78574,0.394019,0.853829,0.849622,0.0453735,1.12171,1.47983,1.89989,0.000377198,5.60792e-05,2.92797e-05
265,0.0112294,0.975457,-0.219903,-0.512053,-0.256191,-0.273881,1.109,0.0851731,-0.285376,1.058,-1,1,0.136609,-0.189788,1.36432,0.123456,0.349688,1.331,0.410715,0.865758,0.94463,0.488937,0.443804,0.845677,0.449826,0.654781,0.895154,0.0465455,1.0529,1.59422,2.77174,0.000505431,0.000101378,3.20592e-05
268,0.0112294,0.975457,-0.219903,-0.512053,-0.256191,-0.273881,1.109,0.0851731,-0.285376,1.058,-1,1,0.0477023,-0.182425,1.3861,0.123456,0.349688,1.331,0.434714,0.800152,0.938198,0.543207,0.245706,0.606469,0.488961,0.522929,0.772333,0.0472312,1.03388,1.25616,2.78669,0.000262051,5.61141e-05,4.50221e-05
271,0.0112294,0.975457,-0.219903,-0.512053,-0.256191,-0.273881,1.109,0.0851731,-0.285376,1.058,-1,1,-0.0626451,-0.199128,1.35728,0.123456,0.349688,1.331,0.441692,0.769954,0.917529,0.566482,0.11214,0.450705,0.504087,0.441047,0.684117,0.0393188,1.08091,1.15252,1.87731,0.000221219,0.00014451,2.15746e-05
273,0.0112294,0.975457,-0.219903,-0.512053,-0.256191,-0.273881,1.109,0.0851731,-0.285376,1.058,-1,1,-0.102962,-0.212638,1.27398,0.142091,0.352019,1.331,0.428604,0.790525,0.902828,0.592725,0.119776,0.22907,0.510665,0.455151,0.565949,0.028979,1.40757,1.42859,1.46948,0.000237667,0.000164486,1.85376e-05
277,0.0112294,0.975457,-0.219903,-0.512053,-0.256191,-0.273881,1.109,0.0851731,-0.285376,1.058,-1,1,-0.0140374,-0.221958,1.23211,0.142091,0.352019,1.331,0.412232,0.831377,0.906254,0.433444,0.625763,0.264508,0.422838,0.72857,0.585381,0.0236045,1.06741,2.94185,1.96825,0.000211359,0.000121294,1.49491e-05
279,0.0112294,0.975457,-0.219903,-0.512053,-0.256191,-0.273881,1.109,0.0851731,-0.285376,1.058,-1,1,0.0888641,-0.214878,1.27897,0.142091,0.352019,1.331,0.39884,0.860482,0.923189,0.37797,0.879985,0.492198,0.388405,0.870234,0.707693,0.0231959,1.06901,1.54494,3.55373,0.000329755,7.145e-05,3.03887e-05
282,0.0112294,0.975457,-0.219903,-0.512053,-0.256191,-0.273881,1.109,0.0851731,-0.285376,1.058,-1,1,0.114281,-0.18407,1.34918,0.147959,0.354002,1.321,0.39844,0.85152,0.935583,0.374781,0.883251,0.726111,0.38661,0.867385,0.830847,0.0205727,1.3993,1.44182,7.85217,0.000414855,6.46446e-05,3.17728e-05
285,0.0112294,0.975457,-0.219903,-0.512053,-0.256191,-0.273881,1.109,0.0851731,-0.285376,1.058,-1,1,0.00787078,-0.192024,1.39466,0.147959,0.354002,1.321,0.406954,0.826745,0.931891,0.496766,0.451664,0.823913,0.45186,0.639205,0.877902,0.0171495,1.13901,2.60041,3.20063,0.000221098,0.000119002,1.78083e-05
287,0.0112294,0.975457,-0.219903,-0.512053,-0.256191,-0.273881,1.109,0.0851731,-0.285376,1.058,-1,1,-0.0807461,-0.202608,1.34109,0.147959,0.354002,1.321,0.412389,0.807549,0.918055,0.593167,0.0844081,0.440543,0.502778,0.445978,0.679299,0.015179,1.07656,2.35783,3.81525,0.000272849,0.000160693,3.24865e-05
290,0.0112294,0.975457,-0.219903,-0.512053,-0.256191,-0.273881,1.109,0.0851731,-0.285376,1.058,-1,1,-0.0639459,-0.218676,1.25641,0.147959,0.354002,1.321,0.409563,0.815315,0.909409,0.568308,0.181295,0.186992,0.488935,0.498305,0.5482,0.0138093,1.31699,1.62155,4.47647,0.000199667,9.18555e-05,2.00226e-05
292,0.0112294,0.975457,-0.219903,-0.512053,-0.256191,-0.273881,1.109,0.0851731,-0.285376,1.058,-1,1,0.0404551,-0.216381,1.27612,0.147959,0.354002,1.321,0.405001,0.827968,0.906934,0.478136,0.499455,0.141619,0.441568,0.663711,0.524276,0.011702,1.03453,1.89356,15.3102,0.000268919,7.71407e-05,2.71492e-05
295,0.0112294,0.975457,-0.219903,-0.512053,-0.256191,-0.273881,1.109,0.0851731,-0.285376,1.058,-1,1,0.0778888,-0.191306,1.32847,0.147959,0.354002,1.321,0.399399,0.841245,0.909506,0.402676,0.772809,0.402281,0.401037,0.807027,0.655894,0.00977431,1.029,1.40644,4.20951,0.000390652,6.37986e-05,3.42804e-05
298,0.0112294,0.975457,-0.219903,-0.512053,-0.256191,-0.273881,1.109,0.0851731,-0.285376,1.058,-1,1,-0.0552973,-0.199597,1.36528,0.147959,0.354002,1.321,0.390988,0.861794,0.911407,0.380343,0.880942,0.498612,0.385665,0.871368,0.705009,0.0107389,1.00124,1.06345,2.27602,0.000171471,9.88466e-05,1.92204e-05
301,0.0112294,0.975457,-0.219903,-0.512053,-0.256191,-0.273881,1.109,0.0851731,-0.285376,1.058,-1,1,-0.126508,-0.211839,1.29875,0.147959,0.354002,1.321,0.38327,0.87998,0.917021,0.371432,0.950373,0.556322,0.377351,0.915177,0.736672,0.0117061,1.01219,1.01171,1.31323,0.000214467,0.000155409,1.33033e-05
303,0.0112294,0.975457,-0.219903,-0.512053,-0.256191,-0.273881,1.109,0.0851731,-0.285376,1.058,-1,1,-0.0516353,-0.21169,1.26702,0.147959,0.354002,1.321,0.386822,0.87505,0.915446,0.389512,0.939019,0.554651,0.388167,0.907034,0.735048,0.0100528,1.74876,1.00955,1.04174,0.000213395,9.28908e-05,2.63927e-05
306,0.0112294,0.975457,-0.219903,-0.512053,-0.256191,-0.273881,1.109,0.0851731,-0.285376,1.058,-1,1,0.0828109,-0.204039,1.31551,0.141557,0.353019,1.326,0.399651,0.857718,0.909771,0.790976,0.156742,0.35919,0.595314,0.50723,0.63448,0.00932396,1.00351,3.55661,1.1852,0.000430596,0.000105153,2.89089e-05
309,0.0112294,0.975457,-0.219903,-0.512053,-0.256191,-0.273881,1.109,0.0851731,-0.285376,1.058,-1,1,0.043298,-0.192214,1.35749,0.141557,0.353019,1.326,0.396236,0.859786,0.90008,0.592788,0.182498,0.196172,0.494512,0.521142,0.548126,0.0081333,1.49445,2.53611,2.04216,0.000336324,7.64923e-05,2.27181e-05
312,0.0112294,0.975457,-0.219903,-0.512053,-0.256191,-0.273881,1.109,0.0851731,-0.285376,1.058,-1,1,-0.115846,-0.200762,1.34913,0.141557,0.353019,1.326,0.38982,0.875684,0.897853,0.477574,0.501797,0.120919,0.433697,0.68874,0.509386,0.0111322,1.12299,2.24895,1.26768,0.000215218,0.000122432,2.29017e-05
314,0.0112294,0.975457,-0.219903,-0.512053,-0.256191,-0.273881,1.109,0.0851731,-0.285376,1.058,-1,1,-0.161349,-0.206201,1.29203,0.141557,0.353019,1.326,0.388,0.883528,0.895201,0.408361,0.730431,0.344781,0.398181,0.806979,0.619991,0.00958455,1.00417,1.67943,1.1879,0.000241999,0.000159679,3.45292e-05
317,0.0112294,0.975457,-0.219903,-0.512053,-0.256191,-0.273881,1.109,0.0851731,-0.285376,1.058,-1,1,-0.066202,-0.216029,1.24954,0.141557,0.353019,1.326,0.384958,0.889856,0.897861,0.402143,0.850125,0.46445,0.393551,0.86999,0.681155,0.00811828,1.07384,1.04187,2.01545,0.000202617,0.000104507,2.74746e-05
320,0.0112294,0.975457,-0.219903,-0.512053,-0.256191,-0.273881,1.109,0.0851731,-0.285376,1.058,-1,1,0.0834459,-0.21419,1.2837,0.127634,0.348374,1.326,0.396126,0.896068,0.905718,0.392818,0.951223,0.62545,0.394472,0.923645,0.765584,0.00616661,1.0625,1.15269,1.47381,0.000332653,7.3952e-05,3.53374e-05
323,0.0112294,0.975457,-0.219903,-0.512053,-0.256191,-0.273881,1.109,0.0851731,-0.285376,1.058,-1,1,0.123669,-0.188255,1.34309,0.127634,0.348374,1.326,0.405014,0.882408,0.916927,0.518105,0.476614,0.87007,0.461559,0.679511,0.893498,0.0092212,1.23196,1.92008,2.59066,0.000504234,7.91992e-05,4.30424e-05
326,0.0112294,0.975457,-0.219903,-0.512053,-0.256191,-0.273881,1.109,0.0851731,-0.285376,1.058,-1,1,0.0589502,-0.180905,1.39408,0.127634,0.348374,1.326,0.426926,0.833121,0.92011,0.585323,0.214713,0.585583,0.506125,0.523917,0.752847,0.0197813,1.02026,1.28574,2.45114,0.000279639,7.36431e-05,3.18999e-05
329,0.0112294,0.975457,-0.219903,-0.512053,-0.256191,-0.273881,1.109,0.0851731,-0.285376,1.058,-1,1,-0.077948,-0.191008,1.38345,0.127634,0.348374,1.326,0.438343,0.792646,0.903092,0.589225,0.106466,0.451484,0.513784,0.449556,0.677288,0.0258659,1.04133,1.10051,1.46212,0.000219304,0.000109267,2.91568e-05
331,0.0112294,0.975457,-0.219903,-0.512053,-0.256191,-0.273881,1.109,0.0851731,-0.285376,1.058,-1,1,-0.128453,-0.202433,1.30689,0.127634,0.348374,1.326,0.438339,0.795435,0.884022,0.595474,0.0240951,0.324112,0.516907,0.409765,0.604067,0.0261312,1.37522,1.23236,1.26123,0.000231254,0.000136761,2.08785e-05
334,0.0112294,0.975457,-0.219903,-0.512053,-0.256191,-0.273881,1.109,0.0851731,-0.285376,1.058,-1,1,-0.0916328,-0.222313,1.24824,0.127634,0.348374,1.326,0.421154,0.844645,0.8793,0.461972,0.543145,0.18483,0.441563,0.693895,0.532065,0.0259477,1.10967,3.23348,2.88803,0.000258211,0.000101361,2.40806e-05
337,0.0112294,0.975457,-0.219903,-0.512053,-0.256191,-0.273881,1.109,0.0851731,-0.285376,1.058,-1,1,0.0237031,-0.221624,1.22426,0.127634,0.348374,1.326,0.400134,0.89067,0.899541,0.380865,0.841487,0.449569,0.390499,0.866079,0.674555,0.0282252,1.06151,1.85264,26.0594,0.000220394,4.07802e-05,1.10252e-05
339,0.0112294,0.975457,-0.219903,-0.512053,-0.256191,-0.273881,1.109,0.0851731,-0.285376,1.058,-1,1,0.097953,-0.209436,1.30158,0.127634,0.348374,1.326,0.393349,0.900757,0.925206,0.361217,0.964185,0.618601,0.377283,0.932471,0.771903,0.0294677,1.15187,1.30475,8.9927,0.000382895,8.604e-05,3.76659e-05
342,0.0112294,0.975457,-0.219903,-0.512053,-0.256191,-0.273881,1.109,0.0851731,-0.285376,1.058,-1,1,0.095427,-0.180326,1.37358,0.127634,0.348374,1.326,0.411721,0.864397,0.941074,0.451864,0.558783,0.951542,0.431792,0.71159,0.946308,0.0291454,1.17726,2.04783,3.72635,0.000439527,5.38749e-05,3.65473e-05
345,0.0112294,0.975457,-0.219903,-0.512053,-0.256191,-0.273881,1.109,0.0851731,-0.285376,1.058,-1,1,0.00758596,-0.179229,1.4114,0.114568,0.360362,1.336,0.413448,0.810097,0.92678,0.554262,0.20346,0.565356,0.483855,0.506778,0.746068,0.0300972,1.06688,2.00725,7.1425,0.000282913,3.99195e-05,2.336e-05
348,0.0112294,0.975457,-0.219903,-0.512053,-0.256191,-0.273881,1.109,0.0851731,-0.285376,1.058,-1,1,-0.0780636,-0.192615,1.3762,0.114568,0.360362,1.336,0.42533,0.778642,0.895699,0.590244,0.0269388,0.362056,0.507787,0.402791,0.628877,0.0319437,1.08422,1.34085,8.24541,0.000318142,8.97752e-05,3.52675e-05
350,0.0112294,0.975457,-0.219903,-0.512053,-0.256191,-0.273881,1.109,0.0851731,-0.285376,1.058,-1,1,-0.108853,-0.20146,1.3093,0.114568,0.360362,1.336,0.423642,0.792035,0.863506,0.563447,0.235117,0.102094,0.493545,0.513576,0.4828,0.0309297,1.1679,1.54656,3.5596,0.000269319,0.000152231,3.46023e-05
353,0.0112294,0.975457,-0.219903,-0.512053,-0.256191,-0.273881,1.109,0.0851731,-0.285376,1.058,-1,1,-0.0863746,-0.211012,1.28267,0.114568,0.360362,1.336,0.408596,0.837926,0.851616,0.467531,0.543074,0.197027,0.438064,0.6905,0.524322,0.0317424,1.06116,1.73233,3.41591,0.000294447,0.000110645,1.5704e-05
356,0.0112294,0.975457,-0.219903,-0.512053,-0.256191,-0.273881,1.109,0.0851731,-0.285376,1.058,-1,1,-0.0651107,-0.208671,1.28152,0.0858731,0.381968,1.363,0.361788,0.890006,0.858017,0.411301,0.734509,0.364249,0.386544,0.812257,0.611133,0.0354197,1.02478,1.28858,3.42314,0.00027617,0.000146857,2.23952e-05
358,0.0112294,0.975457,-0.219903,-0.512053,-0.256191,-0.273881,1.109,0.0851731,-0.285376,1.058,-1,1,-0.0719506,-0.208066,1.28972,0.0858731,0.381968,1.363,0.343334,0.926779,0.877867,0.370029,0.882316,0.48304,0.356681,0.904548,0.680454,0.0347145,1.02737,1.12684,1.95462,0.000302916,0.000158276,1.76329e-05
361,0.0112294,0.975457,-0.219903,-0.512053,-0.256191,-0.273881,1.109,0.0851731,-0.285376,1.058,-1,1,-0.0994173,-0.204278,1.29965,0.0858731,0.381968,1.363,0.335487,0.942364,0.892185,0.357521,0.971681,0.577173,0.346504,0.957022,0.734679,0.0277155,1.0108,1.07777,1.32577,0.000208116,0.000165043,3.9299e-05
364,0.0112294,0.975457,-0.219903,-0.512053,-0.256191,-0.273881,1.109,0.0851731,-0.285376,1.058,-1,1,-0.124567,-0.202899,1.30773,0.0858731,0.381968,1.363,0.333618,0.944753,0.890176,0.366346,0.929555,0.637232,0.349982,0.937154,0.763704,0.0162914,1.09986,1.01313,1.11882,0.000286607,0.000158327,3.16043e-05
367,0.0112294,0.975457,-0.219903,-0.512053,-0.256191,-0.273881,1.109,0.0851731,-0.285376,1.058,-1,1,-0.130409,-0.202016,1.31145,0.0745431,0.39949,1.374,0.310772,0.945677,0.87622,0.390782,0.87386,0.470895,0.350777,0.909768,0.673558,0.00996967,1.04747,1.23318,1.00055,0.000248119,0.000148091,1.99769e-05
370,0.0112294,0.975457,-0.219903,-0.512053,-0.256191,-0.273881,1.109,0.0851731,-0.285376,1.058,-1,1,-0.130292,-0.200927,1.31267,0.0745431,0.39949,1.374,0.30853,0.948275,0.857314,0.464079,0.551219,0.150935,0.386304,0.749747,0.504124,0.00945911,1.0026,1.44552,1.17989,0.000295904,0.000162355,2.72781e-05
372,0.0112294,0.975457,-0.219903,-0.512053,-0.256191,-0.273881,1.109,0.0851731,-0.285376,1.058,-1,1,-0.128521,-0.206104,1.3076,0.0745431,0.39949,1.374,0.304576,0.951504,0.842439,0.455742,0.537116,0.144797,0.380159,0.74431,0.493618,0.0123593,1.00309,1.0004,1.35887,0.000221201,0.000150834,5.90334e-06
375,0.0112294,0.975457,-0.219903,-0.512053,-0.256191,-0.273881,1.109,0.0851731,-0.285376,1.058,-1,1,-0.126455,-0.207472,1.30724,0.0745431,0.39949,1.374,0.301407,0.953204,0.835607,0.428984,0.5589,0.170885,0.365196,0.756052,0.503246,0.0106855,1.00246,1.00781,1.10574,0.000182734,0.000173592,8.72628e-06
378,0.0112294,0.975457,-0.219903,-0.512053,-0.256191,-0.273881,1.109,0.0851731,-0.285376,1.058,-1,0,-0.128296,-0.207242,1.30767,0.167851,0.428488,1.39,0.215645,0.953799,0.835207,0.359576,0.592018,0.207362,0.28761,0.772909,0.521284,0.00622319,1.04392,1.00915,1.00639,0.000204111,0.000147655,5.62283e-06
381,0.0112294,0.975457,-0.219903,-0.512053,-0.256191,-0.273881,1.109,0.0851731,-0.285376,1.058,-1,0,-0.127682,-0.207266,1.30614,0.167851,0.428488,1.39,0.214645,0.954603,0.837386,0.232219,0.67696,0.322964,0.214645,0.954603,0.837386,0.00279598,1.23852,1.12345,1.02483,0.000207026,0.000157369,4.76166e-06
383,0.0112294,0.975457,-0.219903,-0.512053,-0.256191,-0.273881,1.109,0.0851731,-0.285376,1.058,-1,0,-0.127714,-0.206829,1.30912,0.167851,0.428488,1.39,0.213541,0.955181,0.839161,0.205626,0.701251,0.71454,0.213541,0.955181,0.839161,0.00140222,1.00686,1.51083,1.14374,0.00020959,0.000167876,6.48423e-06
386,0.0112294,0.975457,-0.219903,-0.512053,-0.256191,-0.273881,1.109,0.0851731,-0.285376,1.058,-1,0,-0.127591,-0.206426,1.3096,0.167851,0.428488,1.39,0.21362,0.954812,0.838904,0.303979,0.619493,0.790846,0.21362,0.954812,0.838904,0.00116914,1.31073,1.05178,1.24684,0.000232907,0.000166504,7.29686e-06
389,0.0112294,0.975457,-0.219903,-0.512053,-0.256191,-0.273881,1.109,0.0851731,-0.285376,1.058,-1,0,-0.127225,-0.207872,1.30792,0.167851,0.428488,1.39,0.213477,0.954805,0.838622,0.261332,0.547639,0.682211,0.213477,0.954805,0.838622,0.000712478,1.19842,1.24336,1.19426,0.000180844,0.000152199,7.9955e-06
391,0.0112294,0.975457,-0.219903,-0.512053,-0.256191,-0.273881,1.109,0.0851731,-0.285376,1.058,-1,0,-0.127541,-0.207253,1.30361,0.167851,0.428488,1.39,0.213437,0.955334,0.839717,0.42203,0.652535,0.931414,0.213437,0.955334,0.839717,0.00049734,1.53657,1.19375,1.01947,0.000192654,0.000158983,7.67731e-06
394,0.0112294,0.975457,-0.219903,-0.512053,-0.256191,-0.273881,1.109,0.0851731,-0.285376,1.058,-1,0,-0.127382,-0.206577,1.30827,0.167851,0.428488,1.39,0.213673,0.954956,0.839231,0.554459,0.70439,0.791475,0.213673,0.954956,0.839231,0.000499301,2.77352,3.56206,1.05088,0.000242044,0.000159654,9.11676e-06
396,0.0112294,0.975457,-0.219903,-0.512053,-0.256191,-0.273881,1.109,0.0851731,-0.285376,1.058,-1,0,-0.12795,-0.206819,1.30631,0.167851,0.428488,1.39,0.213574,0.955393,0.839837,0.526604,0.729567,0.792551,0.213574,0.955393,0.839837,0.000613662,5.19548,1.07661,1.35528,0.000194254,0.000157052,1.06641e-05
399,0.0112294,0.975457,-0.219903,-0.512053,-0.256191,-0.273881,1.109,0.0851731,-0.285376,1.058,-1,0,-0.126786,-0.207475,1.3033,0.167851,0.428488,1.39,0.213252,0.956291,0.841531,0.464506,0.76825,0.806832,0.213252,0.956291,0.841531,0.000767547,1.00765,1.02895,1.02744,0.000166249,0.000124992,9.92605e-06
402,0.0112294,0.975457,-0.219903,-0.512053,-0.256191,-0.273881,1.109,0.0851731,-0.285376,1.058,-1,0,-0.126977,-0.205749,1.30797,0.167851,0.428488,1.39,0.213732,0.956155,0.841414,0.508261,0.754174,0.774198,0.213732,0.956155,0.841414,0.000759637,1.33343,1.02289,1.00144,0.000251068,0.000161309,8.8382e-06
405,0.0112294,0.975457,-0.219903,-0.512053,-0.256191,-0.273881,1.109,0.0851731,-0.285376,1.058,-1,0,-0.126586,-0.205475,1.30753,0.167851,0.428488,1.39,0.214318,0.955402,0.840567,0.768097,0.503163,0.686846,0.214318,0.955402,0.840567,0.00086556,1.15013,2.41966,1.07798,0.000223502,0.000165928,7.13871e-06
408,0.0112294,0.975457,-0.219903,-0.512053,-0.256191,-0.273881,1.109,0.0851731,-0.285376,1.058,-1,0,-0.126868,-0.207481,1.30274,0.167851,0.428488,1.39,0.214019,0.956206,0.842012,0.824673,0.459853,0.632691,0.214019,0.956206,0.842012,0.000811184,4.27284,1.03489,1.16383,0.000155854,0.000128538,9.96682e-06
412,0.0112294,0.975457,-0.219903,-0.512053,-0.256191,-0.273881,1.109,0.0851731,-0.285376,1.058,-1,0,-0.127351,-0.206643,1.3082,0.167851,0.428488,1.39,0.21417,0.955865,0.841682,0.789446,0.259195,0.619209,0.21417,0.955865,0.841682,0.000801072,1.96418,2.42614,1.2119,0.000217291,0.000159769,8.75882e-06
415,0.0112294,0.975457,-0.219903,-0.512053,-0.256191,-0.273881,1.109,0.0851731,-0.285376,1.058,-1,0,-0.127094,-0.206536,1.30899,0.167851,0.428488,1.39,0.214501,0.955012,0.840235,0.61286,0.0862386,0.340884,0.214501,0.955012,0.840235,0.000892383,1.01285,1.53233,1.53816,0.000227647,0.000156985,1.00988e-05
418,0.0112294,0.975457,-0.219903,-0.512053,-0.256191,-0.273881,1.109,0.0851731,-0.285376,1.058,-1,0,-0.12656,-0.206759,1.30681,0.167851,0.428488,1.39,0.214294,0.955193,0.840659,0.556878,0.169048,0.266234,0.214294,0.955193,0.840659,0.000623625,1.62378,4.90993,1.63879,0.000205977,0.000139162,8.74181e-06
421,0.0112294,0.975457,-0.219903,-0.512053,-0.256191,-0.273881,1.109,0.0851731,-0.285376,1.058,-1,0,-0.127439,-0.207306,1.3047,0.167851,0.428488,1.39,0.213738,0.955782,0.84128,0.259802,0.444675,0.339442,0.213738,0.955782,0.84128,0.000723052,1.03128,3.15652,1.97364,0.000199928,0.000157329,9.60022e-06
424,0.0112294,0.975457,-0.219903,-0.512053,-0.256191,-0.273881,1.109,0.0851731,-0.285376,1.058,-1,0,-0.127953,-0.207192,1.30642,0.167851,0.428488,1.39,0.213795,0.955332,0.840194,0.0326837,0.699023,0.48597,0.213795,0.955332,0.840194,0.000593971,2.7977,1.21176,1.73331,0.000202767,0.000155303,7.87894e-06
426,0.0112294,0.975457,-0.219903,-0.512053,-0.256191,-0.273881,1.109,0.0851731,-0.285376,1.058,-1,0,-0.12771,-0.207408,1.30533,0.167851,0.428488,1.39,0.213515,0.955826,0.840844,0.173671,0.860048,0.548611,0.213515,0.955826,0.840844,0.000687244,3.97024,1.33581,1.99353,0.000186645,0.000157034,7.93257e-06
428,0.0112294,0.975457,-0.219903,-0.512053,-0.256191,-0.273881,1.109,0.0851731,-0.285376,1.058,-1,0,-0.128722,-0.20634,1.30803,0.167851,0.428488,1.39,0.213368,0.956112,0.840729,0.331757,0.699968,0.306494,0.213368,0.956112,0.840729,0.000581987,1.12405,1.29821,1.23331,0.000231694,0.000153448,7.8146e-06
430,0.0112294,0.975457,-0.219903,-0.512053,-0.256191,-0.273881,1.109,0.0851731,-0.285376,1.058,-1,0,-0.127213,-0.207134,1.30429,0.167851,0.428488,1.39,0.213152,0.956559,0.841209,0.372178,0.927288,0.654006,0.213152,0.956559,0.841209,0.000501483,1.0877,1.27019,1.15454,0.000193479,0.000151449,9.35947e-06
432,0.0112294,0.975457,-0.219903,-0.512053,-0.256191,-0.273881,1.109,0.0851731,-0.285376,1.058,-1,0,-0.126395,-0.205975,1.30635,0.167851,0.428488,1.39,0.213587,0.956153,0.840936,0.53878,0.758268,0.537752,0.213587,0.956153,0.840936,0.000460001,3.71022,1.14588,1.18096,0.000212838,0.00016316,6.46978e-06
434,0.0112294,0.975457,-0.219903,-0.512053,-0.256191,-0.273881,1.109,0.0851731,-0.285376,1.058,-1,0,-0.127028,-0.207399,1.30304,0.167851,0.428488,1.39,0.213539,0.956566,0.841913,0.550915,0.68831,0.817733,0.213539,0.956566,0.841913,0.000567129,2.0646,1.32409,1.59558,0.00016735,0.000136012,8.0397e-06
436,0.0112294,0.975457,-0.219903,-0.512053,-0.256191,-0.273881,1.109,0.0851731,-0.285376,1.058,-1,0,-0.127897,-0.205769,1.30788,0.167851,0.428488,1.39,0.213943,0.956133,0.841169,0.940936,0.254362,0.487567,0.213943,0.956133,0.841169,0.000593948,3.61038,1.00674,1.75817,0.000265057,0.000158691,8.81735e-06
438,0.0112294,0.975457,-0.219903,-0.512053,-0.256191,-0.273881,1.109,0.0851731,-0.285376,1.058,-1,0,-0.12736,-0.206204,1.30859,0.167851,0.428488,1.39,0.214124,0.955913,0.841298,0.82811,0.332302,0.644387,0.214124,0.955913,0.841298,0.000534796,1.19773,1.4707,1.44795,0.00027215,0.000161593,8.90268e-06
440,0.0112294,0.975457,-0.219903,-0.512053,-0.256191,-0.273881,1.109,0.0851731,-0.285376,1.058,-1,0,-0.127585,-0.207169,1.30574,0.167851,0.428488,1.39,0.21412,0.955738,0.840891,0.664366,0.12483,0.270134,0.21412,0.955738,0.840891,0.000401133,1.3251,1.56303,2.8778,0.000178369,0.000164502,7.00547e-06
442,0.0112294,0.975457,-0.219903,-0.512053,-0.256191,-0.273881,1.109,0.0851731,-0.285376,1.058,-1,0,-0.127412,-0.206808,1.30619,0.167851,0.428488,1.39,0.213836,0.955901,0.840788,0.427629,0.278294,0.291399,0.213836,0.955901,0.840788,0.000287125,1.35439,1.30104,1.41868,0.0002199,0.000160159,8.66841e-06
444,0.0112294,0.975457,-0.219903,-0.512053,-0.256191,-0.273881,1.109,0.0851731,-0.285376,1.058,-1,0,-0.128228,-0.205923,1.30791,0.167851,0.428488,1.39,0.214169,0.955226,0.839313,0.508762,0.309229,0.107564,0.214169,0.955226,0.839313,0.000537055,1.24959,1.08959,1.48214,0.000266587,0.000165568,8.42939e-06
446,0.0112294,0.975457,-0.219903,-0.512053,-0.256191,-0.273881,1.109,0.0851731,-0.285376,1.058,-1,0,-0.126983,-0.207542,1.30386,0.167851,0.428488,1.39,0.213768,0.955818,0.840556,0.206208,0.575718,0.304768,0.213768,0.955818,0.840556,0.000736108,10.268,1.02461,1.28129,0.000169823,0.000125389,7.4098e-06
448,0.0112294,0.975457,-0.219903,-0.512053,-0.256191,-0.273881,1.109,0.0851731,-0.285376,1.058,-1,0,-0.126627,-0.206351,1.30806,0.167851,0.428488,1.39,0.213794,0.955834,0.840836,0.419506,0.325482,0.569351,0.213794,0.955834,0.840836,0.000709069,1.03764,7.42296,1.07753,0.000249551,0.000149931,7.98784e-06
450,0.0112294,0.975457,-0.219903,-0.512053,-0.256191,-0.273881,1.109,0.0851731,-0.285376,1.058,-1,0,-0.127368,-0.206637,1.30749,0.167851,0.428488,1.39,0.213979,0.95553,0.840435,0.429392,0.650891,0.938661,0.213979,0.95553,0.840435,0.000483082,1.73824,1.16758,2.94074,0.000223683,0.000159925,8.51438e-06
452,0.0112294,0.975457,-0.219903,-0.512053,-0.256191,-0.273881,1.109,0.0851731,-0.285376,1.058,-1,0,-0.127207,-0.206976,1.3068,0.167851,0.428488,1.39,0.21398,0.95543,0.840348,0.635208,0.0565637,0.40048,0.21398,0.95543,0.840348,0.000228009,1.03419,2.24466,1.50439,0.000208005,0.000163529,8.71759e-06
454,0.0112294,0.975457,-0.219903,-0.512053,-0.256191,-0.273881,1.109,0.0851731,-0.285376,1.058,-1,0,-0.127333,-0.206213,1.30669,0.167851,0.428488,1.39,0.213973,0.955538,0.84083,0.642469,0.115978,0.496239,0.213973,0.955538,0.84083,0.00026965,1.64202,1.37185,1.05696,0.000249843,0.0001601,8.82676e-06
456,0.0112294,0.975457,-0.219903,-0.512053,-0.256191,-0.273881,1.109,0.0851731,-0.285376,1.058,-1,0,-0.127414,-0.207356,1.30311,0.167851,0.428488,1.39,0.213949,0.955679,0.840903,0.473882,0.678093,0.919963,0.213949,0.955679,0.840903,0.000205541,1.19747,4.43234,1.00636,0.000168629,0.000129531,7.74803e-06
459,0.0112294,0.975457,-0.219903,-0.512053,-0.256191,-0.273881,1.109,0.0851731,-0.285376,1.058,-1,0,-0.12729,-0.206928,1.30253,0.167851,0.428488,1.39,0.213604,0.956576,0.842089,0.432042,0.816874,0.7645,0.213604,0.956576,0.842089,0.000534284,1.01549,1.11239,1.67892,0.000174763,0.00014711,5.9751e-06
461,0.0112294,0.975457,-0.219903,-0.512053,-0.256191,-0.273881,1.109,0.0851731,-0.285376,1.058,-1,0,-0.126448,-0.207392,1.30214,0.167851,0.428488,1.39,0.21338,0.957297,0.843554,0.430859,0.813394,0.768128,0.21338,0.957297,0.843554,0.000796615,1.0106,1.00316,1.2649,0.000175654,0.000113946,7.00317e-06
463,0.0112294,0.975457,-0.219903,-0.512053,-0.256191,-0.273881,1.109,0.0851731,-0.285376,1.058,-1,0,-0.127391,-0.206954,1.3047,0.167851,0.428488,1.39,0.213306,0.957613,0.843996,0.432813,0.807223,0.774345,0.213306,0.957613,0.843996,0.000878291,1.00892,1.00933,1.0097,0.000207365,0.000150936,7.72924e-06
465,0.0112294,0.975457,-0.219903,-0.512053,-0.256191,-0.273881,1.109,0.0851731,-0.285376,1.058,-1,0,-0.126902,-0.206896,1.30503,0.167851,0.428488,1.39,0.213155,0.957842,0.844509,0.43431,0.774967,0.815447,0.213155,0.957842,0.844509,0.000628208,1.03382,1.00042,1.00338,0.000227763,0.000144325,7.17077e-06
467,0.0112294,0.975457,-0.219903,-0.512053,-0.256191,-0.273881,1.109,0.0851731,-0.285376,1.058,-1,0,-0.12628,-0.20664,1.30554,0.167851,0.428488,1.39,0.213491,0.957352,0.844125,0.57834,0.5517,0.910046,0.213491,0.957352,0.844125,0.000447941,2.64311,1.30641,1.04194,0.000231265,0.000140496,9.12282e-06
469,0.0112294,0.975457,-0.219903,-0.512053,-0.256191,-0.273881,1.109,0.0851731,-0.285376,1.058,-1,0,-0.127075,-0.207479,1.30342,0.167851,0.428488,1.39,0.21342,0.957232,0.844005,0.561507,0.172055,0.50361,0.21342,0.957232,0.844005,0.000378706,1.0719,4.28355,1.33768,0.000197671,0.000119935,8.09017e-06
471,0.0112294,0.975457,-0.219903,-0.512053,-0.256191,-0.273881,1.109,0.0851731,-0.285376,1.058,-1,0,-0.127318,-0.206721,1.30491,0.167851,0.428488,1.39,0.213557,0.956883,0.843149,0.588313,0.163454,0.248441,0.213557,0.956883,0.843149,0.000454776,1.08859,1.2071,4.43709,0.000234981,0.00015753,9.31718e-06
473,0.0112294,0.975457,-0.219903,-0.512053,-0.256191,-0.273881,1.109,0.0851731,-0.285376,1.058,-1,0,-0.12625,-0.207273,1.30251,0.167851,0.428488,1.39,0.213539,0.957106,0.8439,0.54119,0.154122,0.345769,0.213539,0.957106,0.8439,0.000435873,7.48389,1.01485,1.84731,0.000190048,0.000126327,7.27368e-06
475,0.0112294,0.975457,-0.219903,-0.512053,-0.256191,-0.273881,1.109,0.0851731,-0.285376,1.058,-1,0,-0.126709,-0.207704,1.30175,0.167851,0.428488,1.39,0.21329,0.957597,0.844748,0.436891,0.762515,0.829687,0.21329,0.957597,0.844748,0.000590654,1.02288,4.32973,1.98029,0.000206987,8.55918e-05,5.85485e-06
477,0.0112294,0.975457,-0.219903,-0.512053,-0.256191,-0.273881,1.109,0.0851731,-0.285376,1.058,-1,0,-0.126712,-0.207372,1.30133,0.167851,0.428488,1.39,0.212969,0.958273,0.845677,0.419009,0.787311,0.806429,0.212969,0.958273,0.845677,0.000678437,1.00367,1.19542,4.0256,0.000178955,0.000108758,9.67713e-06
479,0.0112294,0.975457,-0.219903,-0.512053,-0.256191,-0.273881,1.109,0.0851731,-0.285376,1.058,-1,0,-0.125937,-0.205815,1.30769,0.167851,0.428488,1.39,0.213561,0.957476,0.844806,0.508811,0.711705,0.836006,0.213561,0.957476,0.844806,0.000827103,7.70223,1.19383,2.18983,0.000223381,0.000168113,7.05127e-06
481,0.0112294,0.975457,-0.219903,-0.512053,-0.256191,-0.273881,1.109,0.0851731,-0.285376,1.058,-1,0,-0.126969,-0.205517,1.30822,0.167851,0.428488,1.39,0.213949,0.95691,0.844032,0.735178,0.117831,0.310474,0.213949,0.95691,0.844032,0.000836846,1.00262,8.70562,2.92359,0.000215748,0.000160496,8.72142e-06
483,0.0112294,0.975457,-0.219903,-0.512053,-0.256191,-0.273881,1.109,0.0851731,-0.285376,1.058,-1,0,-0.128334,-0.206085,1.30792,0.167851,0.428488,1.39,0.214152,0.956269,0.842291,0.618749,0.191403,0.204065,0.214152,0.956269,0.842291,0.000944668,1.02724,1.09947,5.92455,0.000255678,0.000174239,8.55226e-06
485,0.0112294,0.975457,-0.219903,-0.512053,-0.256191,-0.273881,1.109,0.0851731,-0.285376,1.058,-1,0,-0.128579,-0.205725,1.30969,0.167851,0.428488,1.39,0.214614,0.955187,0.83994,0.580233,0.242469,0.152311,0.214614,0.955187,0.83994,0.00118961,1.00231,1.02725,1.45308,0.000271609,0.000173139,1.02553e-05
487,0.0112294,0.975457,-0.219903,-0.512053,-0.256191,-0.273881,1.109,0.0851731,-0.285376,1.058,-1,0,-0.128761,-0.205478,1.30997,0.167851,0.428488,1.39,0.215056,0.954005,0.837382,0.562779,0.258782,0.135722,0.215056,0.954005,0.837382,0.00155931,1.0001,1.00031,1.0245,0.000280348,0.00016765,8.79023e-06
489,0.0112294,0.975457,-0.219903,-0.512053,-0.256191,-0.273881,1.109,0.0851731,-0.285376,1.058,-1,0,-0.12708,-0.206189,1.30715,0.167851,0.428488,1.39,0.214846,0.954215,0.83731,0.553557,0.271397,0.124287,0.214846,0.954215,0.83731,0.00125287,1.17704,1.00117,1.00903,0.00023238,0.000157564,1.06592e-05
491,0.0112294,0.975457,-0.219903,-0.512053,-0.256191,-0.273881,1.109,0.0851731,-0.285376,1.058,-1,0,-0.127773,-0.20502,1.30982,0.167851,0.428488,1.39,0.214916,0.954028,0.83674,0.537431,0.298036,0.0986296,0.214916,0.954028,0.83674,0.000816896,1.43212,1.03578,1.00399,0.000239554,0.000166901,7.45593e-06
494,0.0112294,0.975457,-0.219903,-0.512053,-0.256191,-0.273881,1.109,0.0851731,-0.285376,1.058,-1,0,-0.126999,-0.205937,1.30884,0.167851,0.428488,1.39,0.215107,0.953754,0.836778,0.532645,0.274815,0.130671,0.215107,0.953754,0.836778,0.000320334,1.31278,1.02981,1.00034,0.000242413,0.000161009,1.0739e-05
496,0.0112294,0.975457,-0.219903,-0.512053,-0.256191,-0.273881,1.109,0.0851731,-0.285376,1.058,-1,0,-0.126479,-0.205643,1.30942,0.167851,0.428488,1.39,0.215327,0.953588,0.837253,0.693279,0.093031,0.4833,0.215327,0.953588,0.837253,0.000373647,1.07016,2.4989,1.09458,0.000262901,0.000153277,1.02451e-05
498,0.0112294,0.975457,-0.219903,-0.512053,-0.256191,-0.273881,1.109,0.0851731,-0.285376,1.058,-1,0,-0.126403,-0.205705,1.30868,0.167851,0.428488,1.39,0.215479,0.953565,0.838038,0.632372,0.358369,0.749163,0.215479,0.953565,0.838038,0.000429785,1.01912,1.44621,1.7471,0.00026437,0.000147578,1.16383e-05
500,0.0112294,0.975457,-0.219903,-0.512053,-0.256191,-0.273881,1.109,0.0851731,-0.285376,1.058,-1,0,-0.127161,-0.205938,1.30739,0.167851,0.428488,1.39,0.215531,0.953523,0.837948,0.626966,0.412193,0.800387,0.215531,0.953523,0.837948,0.000344947,1.21795,1.04875,1.73475,0.00023697,0.000159213,1.02697e-05
502,0.0112294,0.975457,-0.219903,-0.512053,-0.256191,-0.273881,1.109,0.0851731,-0.285376,1.058,-1,0,-0.126736,-0.205721,1.30802,0.167851,0.428488,1.39,0.215435,0.953728,0.838624,0.532277,0.553924,0.94348,0.215435,0.953728,0.838624,0.000349481,1.35424,1.05247,1.33122,0.000275265,0.000157299,1.08732e-05
504,0.0112294,0.975457,-0.219903,-0.512053,-0.256191,-0.273881,1.109,0.0851731,-0.285376,1.058,-1,0,-0.12766,-0.205926,1.30801,0.167851,0.428488,1.39,0.215348,0.953916,0.838687,0.427988,0.781454,0.818786,0.215348,0.953916,0.838687,0.000240531,1.18555,1.14545,1.21411,0.000258199,0.000167001,1.11739e-05
506,0.0112294,0.975457,-0.219903,-0.512053,-0.256191,-0.273881,1.109,0.0851731,-0.285376,1.058,-1,0,-0.12747,-0.206059,1.30685,0.167851,0.428488,1.39,0.215088,0.954416,0.839121,0.386907,0.856727,0.745069,0.215088,0.954416,0.839121,0.000402474,1.01175,1.11927,1.30657,0.000249795,0.000155818,9.70208e-06
